v	c	a	d	time	branch	n_der	n_tot	time_elapsed	iter	p
0	0	0	0	0.474137931	v	3694668	671740702	0	10	0.00550014014187278
2	2	2	2	0.474137931	v	550264171	550385843	0	10	0.999778933267366
0	0	0	2	0.474137931	v	121604	40705535	0.4	10	0.00298740699514206
2	2	2	0	0.474137931	v	33368602	33730629	0.4	10	0.989267113874455
0	0	0	1	0.474137931	v	11748	15413967	6.05	10	0.000762165897980708
1	0	0	0	0.474137931	v	2481863	7848969	32.65	10	0.316202420980386
0	2	0	0	0.474137931	v	401735	4439222	32.05	10	0.0904967131628019
0	0	1	0	0.474137931	v	163321	4332776	30.8	10	0.0376943096065894
0	0	2	0	0.474137931	v	293220	4172637	18.95	10	0.0702721085011708
2	0	0	0	0.474137931	v	2205661	3444381	36.65	10	0.640364988658339
0	1	0	0	0.474137931	v	146969	2992185	83.75	10	0.0491176180617174
2	2	0	0	0.474137931	v	2416537	2799268	20.9	10	0.863274613220313
1	2	0	0	0.474137931	v	765541	1572384	48.25	10	0.486866439750086
2	2	2	1	0.474137931	v	2299426	2310902	9.3	10	0.995033973747048
2	0	2	0	0.474137931	v	1129240	1390650	38.35	10	0.812023154639917
2	2	1	0	0.474137931	v	1280902	1410418	35	10	0.908171903648422
0	2	2	0	0.474137931	v	295793	1330450	39.4	10	0.222325528956368
1	2	2	0	0.474137931	v	722782	1314072	38.2	10	0.550032266116316
1	0	2	0	0.474137931	v	522268	1107144	49.85	10	0.471725448541472
0	2	1	0	0.474137931	v	117798	627197	96.2	10	0.18781658713291
1	0	1	0	0.474137931	v	268170	594637	109.3	10	0.450981018671896
2	0	1	0	0.474137931	v	465338	599390	98.4	10	0.776352625168922
2	1	0	0	0.474137931	v	426539	547869	134.4	10	0.778541950721797
1	1	0	0	0.474137931	v	243493	537742	168.85	10	0.452806364390358
0	0	2	2	0.474137931	v	80196	753062	29.65	10	0.106493223665515
2	2	0	2	0.474137931	v	675270	756404	29.5	10	0.892737214504418
1	2	1	0	0.474137931	v	260865	495759	109.6	10	0.526193170471943
2	1	2	0	0.474137931	v	430051	502729	98.25	10	0.855433046432571
0	1	2	0	0.474137931	v	70261	412423	136.9	10	0.170361497782616
0	0	1	2	0.474137931	v	37509	465144	48.6	10	0.0806395438831846
2	2	1	2	0.474137931	v	432287	470027	47.65	10	0.919706740251092
1	0	0	2	0.474137931	v	190967	433211	52.3	10	0.440817523100752
2	0	2	2	0.474137931	v	362351	438206	51.2	10	0.826896482476278
1	2	2	2	0.474137931	v	243082	435247	51.6	10	0.558492074615104
0	2	0	2	0.474137931	v	75009	435197	52.5	10	0.172356427089341
1	1	2	0	0.474137931	v	146300	287196	184.7	10	0.509408209027981
2	0	0	2	0.474137931	v	305662	402337	55.75	10	0.759716357183157
0	2	2	2	0.474137931	v	96533	402610	56.3	10	0.239768013710539
0	1	1	0	0.474137931	v	33765	228474	290.9	10	0.147784868300113
1	2	0	2	0.474137931	v	160118	311053	71.5	10	0.514761150029095
1	0	2	2	0.474137931	v	151508	312287	73.05	10	0.485156282522167
2	1	1	0	0.474137931	v	151782	183759	304.5	10	0.825984033435097
1	1	1	0	0.474137931	v	63442	130509	461.95	10	0.486112068899463
2	1	2	2	0.474137931	v	145693	168611	134.35	10	0.864077669902913
0	1	0	2	0.474137931	v	22866	168182	132.35	10	0.135959853016375
0	2	1	2	0.474137931	v	32667	158802	143.4	10	0.205708996108361
2	0	1	2	0.474137931	v	126278	158840	142.25	10	0.795001259128683
1	0	1	2	0.474137931	v	65387	140618	160.9	10	0.464997368757911
1	2	1	2	0.474137931	v	75991	141593	160.65	10	0.536686135614049
2	1	0	2	0.474137931	v	92710	113720	200.05	10	0.815247977488568
0	1	2	2	0.474137931	v	21389	114688	203.1	10	0.186497279575893
1	1	0	2	0.474137931	v	42411	87999	258.45	10	0.481948658507483
1	1	2	2	0.474137931	v	45988	88522	255.4	10	0.519509274530625
0	0	2	1	0.474137931	v	7856	73391	337.55	10	0.107043097927539
2	2	0	1	0.474137931	v	65087	72846	337.35	10	0.893487631441671
2	1	1	2	0.474137931	v	45070	53853	431.85	10	0.836907878855403
0	1	1	2	0.474137931	v	8721	53212	433.35	10	0.16389160339773
0	0	1	1	0.474137931	v	3634	45812	539	10	0.0793241945341832
2	2	1	1	0.474137931	v	41273	44969	548.85	10	0.917810046921212
0	2	0	1	0.474137931	v	7383	42742	573.25	10	0.172734078891956
1	0	0	1	0.474137931	v	18405	42022	585.5	10	0.437984865070677
1	2	2	1	0.474137931	v	23308	41565	593.2	10	0.560760255022254
2	0	2	1	0.474137931	v	34799	42028	583.9	10	0.827995621966308
2	0	0	1	0.474137931	v	29632	39077	649.25	10	0.758297719886378
0	2	2	1	0.474137931	v	9286	38783	633.9	10	0.239434803908929
1	1	1	2	0.474137931	v	17112	34528	667.7	10	0.495597775718258
1	2	0	1	0.474137931	v	15504	30202	804.2	10	0.513343487186279
1	0	2	1	0.474137931	v	14250	29541	824.8	10	0.482380420432619
2	1	2	1	0.474137931	v	14178	16344	1045.45	10	0.867474302496329
0	2	1	1	0.474137931	v	3233	15625	1076.5	10	0.206912
2	0	1	1	0.474137931	v	12072	15368	1080.7	10	0.785528370640291
0	1	0	1	0.474137931	v	2179	16572	1052.05	10	0.131486845281197
1	0	1	1	0.474137931	v	6320	13591	1100.8	10	0.465013611949084
1	2	1	1	0.474137931	v	7042	13293	1100.8	10	0.529752501316482
0	1	2	1	0.474137931	v	2050	10919	1100.8	10	0.18774613059804
2	1	0	1	0.474137931	v	8600	10681	1100.8	10	0.805168055425522
1	1	0	1	0.474137931	v	4267	8721	1100.8	10	0.489278752436647
1	1	2	1	0.474137931	v	4286	8289	1100.8	10	0.517070816745084
0	1	1	1	0.474137931	v	803	5114	1100.8	10	0.157019945248338
2	1	1	1	0.474137931	v	4329	5139	1100.8	10	0.842381786339755
1	1	1	1	0.474137931	v	1580	3237	1100.8	10	0.488106271238801
0	0	0	0	0.6034482758	d	6524290	674353953	0	10	0.00967487470189116
2	2	2	2	0.6034482758	d	549758660	550334345	0	10	0.998953935902365
0	0	0	2	0.6034482758	d	37763834	40708674	0.4	10	0.927660625841068
2	2	2	0	0.6034482758	d	577615	33732916	0.45	10	0.0171231861485085
0	0	0	1	0.6034482758	d	5882577	15407055	5.85	10	0.381810605595943
1	0	0	0	0.6034482758	d	10603	7843506	29.5	10	0.00135181894423234
0	2	0	0	0.6034482758	d	10581	4436081	31.8	10	0.00238521343501167
0	0	1	0	0.6034482758	d	11520	4339985	28.6	10	0.00265438705433314
0	0	2	0	0.6034482758	d	17960	4176103	18.35	10	0.0043006602088119
2	0	0	0	0.6034482758	d	9650	3445583	33.45	10	0.00280068714060872
0	1	0	0	0.6034482758	d	3901	2993716	78.95	10	0.0013030628155777
2	2	0	0	0.6034482758	d	18220	2800260	18.65	10	0.00650653867855128
1	2	0	0	0.6034482758	d	7716	1571315	45.45	10	0.00491053671606266
2	2	2	1	0.6034482758	d	1155488	2310024	9.15	10	0.500206058465193
2	2	1	0	0.6034482758	d	11528	1412625	32.4	10	0.00816069374391647
2	0	2	0	0.6034482758	d	10155	1387045	34.35	10	0.00732131978414543
0	2	2	0	0.6034482758	d	9700	1330716	36.9	10	0.007289308913397
1	2	2	0	0.6034482758	d	10185	1316578	35.2	10	0.00773596399149917
1	0	2	0	0.6034482758	d	7511	1107871	48.25	10	0.00677967019625931
0	2	1	0	0.6034482758	d	3737	628458	89.95	10	0.00594630030964679
2	0	1	0	0.6034482758	d	3835	600720	92.55	10	0.0063840058596351
1	0	1	0	0.6034482758	d	3609	594481	102.05	10	0.00607084162487952
2	1	0	0	0.6034482758	d	2848	547418	123.05	10	0.00520260568706181
1	1	0	0	0.6034482758	d	2283	538103	159.95	10	0.0042426821630803
0	0	2	2	0.6034482758	d	735048	753064	28	10	0.976076402536836
2	2	0	2	0.6034482758	d	738030	756041	28.4	10	0.976177217902204
1	2	1	0	0.6034482758	d	3607	495234	104.25	10	0.00728342561294257
2	1	2	0	0.6034482758	d	3951	504609	89.25	10	0.00782982467613538
0	1	2	0	0.6034482758	d	2686	411957	129.7	10	0.00652009797139022
0	0	1	2	0.6034482758	d	455443	467019	46	10	0.975212999899362
2	2	1	2	0.6034482758	d	459837	471093	43.6	10	0.976106628627468
2	0	2	2	0.6034482758	d	427724	438131	49	10	0.976246830285919
1	0	0	2	0.6034482758	d	424208	434780	48.6	10	0.975684254105525
1	2	2	2	0.6034482758	d	427797	438232	49.2	10	0.976188411617591
0	2	0	2	0.6034482758	d	423538	434186	49.2	10	0.975475948095977
1	1	2	0	0.6034482758	d	2097	287576	174.6	10	0.00729198542298384
2	0	0	2	0.6034482758	d	391733	401514	53	10	0.975639703721414
0	2	2	2	0.6034482758	d	393557	403210	52.55	10	0.976059621537164
0	1	1	0	0.6034482758	d	1298	229043	272.3	10	0.00566705815065293
1	0	2	2	0.6034482758	d	305312	312774	68.05	10	0.976142518240007
1	2	0	2	0.6034482758	d	304931	312481	67.3	10	0.975838530982684
2	1	1	0	0.6034482758	d	1315	184034	274.3	10	0.00714541878131215
1	1	1	0	0.6034482758	d	856	131143	433.5	10	0.00652722600520043
2	1	2	2	0.6034482758	d	165357	169235	124.8	10	0.977085118326587
0	1	0	2	0.6034482758	d	164322	168359	125.75	10	0.976021477913269
0	2	1	2	0.6034482758	d	155692	159664	132.8	10	0.975122757791362
2	0	1	2	0.6034482758	d	155569	159468	135.55	10	0.975549953595706
1	2	1	2	0.6034482758	d	138347	141901	150.5	10	0.974954369595704
1	0	1	2	0.6034482758	d	137003	140400	150.55	10	0.975804843304843
2	1	0	2	0.6034482758	d	111354	114129	187.8	10	0.975685408616565
0	1	2	2	0.6034482758	d	110906	113717	185	10	0.975280740786338
1	1	2	2	0.6034482758	d	86115	88218	240.15	10	0.976161327620214
1	1	0	2	0.6034482758	d	85931	88083	241.6	10	0.975568497894032
2	2	0	1	0.6034482758	d	36583	72727	313.9	10	0.503018136318011
0	0	2	1	0.6034482758	d	36600	73412	310.45	10	0.498556094371492
2	1	1	2	0.6034482758	d	51887	53150	398.25	10	0.97623706491063
0	1	1	2	0.6034482758	d	51462	52776	403.65	10	0.975102319236016
0	0	1	1	0.6034482758	d	22586	45388	512.55	10	0.497620516436062
2	2	1	1	0.6034482758	d	22444	44938	522.05	10	0.499443677956295
1	0	0	1	0.6034482758	d	21518	42372	543.4	10	0.50783536297555
0	2	0	1	0.6034482758	d	21388	42886	539.85	10	0.498717530196334
1	2	2	1	0.6034482758	d	20588	41693	563.65	10	0.493799918451539
2	0	0	1	0.6034482758	d	19788	39070	595.05	10	0.506475556693115
2	0	2	1	0.6034482758	d	20714	41753	547.55	10	0.496108064091203
0	2	2	1	0.6034482758	d	19232	38546	590.1	10	0.498936335806569
1	0	2	1	0.6034482758	d	14785	30003	755.95	10	0.492784054927841
1	1	1	2	0.6034482758	d	33409	34211	615.9	10	0.976557247668878
1	2	0	1	0.6034482758	d	15222	30156	756.95	10	0.504775169120573
0	2	1	1	0.6034482758	d	7584	15093	1013.3	10	0.502484595507851
0	1	0	1	0.6034482758	d	7904	16186	985.7	10	0.488323242308168
2	1	2	1	0.6034482758	d	8025	15753	995.65	10	0.509426775852219
2	0	1	1	0.6034482758	d	7650	15351	1011.85	10	0.498338870431894
1	2	1	1	0.6034482758	d	6715	13531	1024.2	10	0.496267829428719
1	0	1	1	0.6034482758	d	6988	13871	1024.2	10	0.503784874918896
0	1	2	1	0.6034482758	d	5377	10865	1024.2	10	0.494891854578923
2	1	0	1	0.6034482758	d	5576	11125	1024.2	10	0.501213483146067
1	1	2	1	0.6034482758	d	4303	8452	1024.2	10	0.509110269758637
1	1	0	1	0.6034482758	d	4302	8621	1024.2	10	0.499014035494722
2	1	1	1	0.6034482758	d	2687	5328	1024.2	10	0.504316816816817
0	1	1	1	0.6034482758	d	2648	5133	1024.2	10	0.515877654393142
1	1	1	1	0.6034482758	d	1556	3142	1024.2	10	0.495225970719287
0	0	0	0	0.6034482758	v	5196593	673156397	0	10	0.00771974094454011
2	2	2	2	0.6034482758	v	550148208	550343491	0	10	0.999645161606899
0	0	0	2	0.6034482758	v	193943	40719621	0.35	10	0.00476288814181252
2	2	2	0	0.6034482758	v	33160974	33739079	0.35	10	0.982865418466224
0	0	0	1	0.6034482758	v	19011	15412556	5.9	10	0.00123347483700951
1	0	0	0	0.6034482758	v	1646542	7850640	31.5	10	0.209733473958811
0	2	0	0	0.6034482758	v	640820	4437423	32.15	10	0.144412646709588
0	0	1	0	0.6034482758	v	261200	4336334	30.15	10	0.0602352125089995
0	0	2	0	0.6034482758	v	466387	4173551	19.15	10	0.11174824507955
2	0	0	0	0.6034482758	v	1541051	3448714	35.9	10	0.446848013491406
0	1	0	0	0.6034482758	v	235574	2994923	82.85	10	0.0786577818528223
2	2	0	0	0.6034482758	v	2191152	2799366	19.9	10	0.78273151849383
1	2	0	0	0.6034482758	v	752175	1571673	46.45	10	0.478582376868471
2	2	2	1	0.6034482758	v	2291801	2310349	9.25	10	0.991971775692763
2	2	1	0	0.6034482758	v	1204170	1411710	33.85	10	0.852986803238626
2	0	2	0	0.6034482758	v	975085	1388799	35.3	10	0.702106640341763
0	2	2	0	0.6034482758	v	467408	1331809	38.15	10	0.350957231855319
1	2	2	0	0.6034482758	v	768594	1315794	37.15	10	0.584129430594759
1	0	2	0	0.6034482758	v	499845	1104825	48.1	10	0.452420066526373
0	2	1	0	0.6034482758	v	186273	626995	97.45	10	0.297088493528657
1	0	1	0	0.6034482758	v	247610	594689	104.85	10	0.41636889197547
2	0	1	0	0.6034482758	v	388175	600818	98.7	10	0.646077514322141
2	1	0	0	0.6034482758	v	356295	548741	133.2	10	0.649295387076963
1	1	0	0	0.6034482758	v	225814	537482	167.75	10	0.420133139342341
0	0	2	2	0.6034482758	v	129279	754261	28.7	10	0.171398229525323
2	2	0	2	0.6034482758	v	628214	755406	29.25	10	0.831624318578354
2	1	2	0	0.6034482758	v	388048	505207	95.45	10	0.768097037451975
1	2	1	0	0.6034482758	v	269486	495164	112.4	10	0.544235849132813
0	1	2	0	0.6034482758	v	112054	412661	138.25	10	0.271540077690889
2	2	1	2	0.6034482758	v	409954	470404	46.95	10	0.871493439681635
0	0	1	2	0.6034482758	v	60678	468943	47.8	10	0.129393124537524
1	0	0	2	0.6034482758	v	175083	434383	51.45	10	0.403061353690177
2	0	2	2	0.6034482758	v	317189	436853	49.7	10	0.726077193014584
1	2	2	2	0.6034482758	v	262670	438714	49.05	10	0.59872718901152
0	2	0	2	0.6034482758	v	119470	434950	49.4	10	0.274675250028739
1	1	2	0	0.6034482758	v	148322	287873	178.55	10	0.515234148391826
0	2	2	2	0.6034482758	v	152340	403848	54.2	10	0.377221132703393
2	0	0	2	0.6034482758	v	249911	402240	53.5	10	0.62129822991249
0	1	1	0	0.6034482758	v	52904	227903	291.65	10	0.232133846417116
1	2	0	2	0.6034482758	v	164205	311262	70.6	10	0.527545925940205
1	0	2	2	0.6034482758	v	147513	312227	71.05	10	0.472454336108024
2	1	1	0	0.6034482758	v	132905	184027	289.45	10	0.722203807050052
1	1	1	0	0.6034482758	v	63080	130658	452.2	10	0.482787123635751
0	1	0	2	0.6034482758	v	36221	167994	134.25	10	0.215608890793719
2	1	2	2	0.6034482758	v	132998	169792	132.25	10	0.783299566528458
0	2	1	2	0.6034482758	v	52098	159676	139.5	10	0.326273203236554
2	0	1	2	0.6034482758	v	106644	158580	140	10	0.672493378736285
1	0	1	2	0.6034482758	v	61661	140370	161.55	10	0.439274773812068
1	2	1	2	0.6034482758	v	79796	141582	156.2	10	0.563602717859615
0	1	2	2	0.6034482758	v	34132	114585	196.6	10	0.297874940000873
2	1	0	2	0.6034482758	v	80549	114010	195.65	10	0.706508201034997
1	1	0	2	0.6034482758	v	41383	88158	255.85	10	0.469418543977858
1	1	2	2	0.6034482758	v	47395	89007	254.25	10	0.532486208949858
0	0	2	1	0.6034482758	v	12298	73396	325.75	10	0.167556815085291
2	2	0	1	0.6034482758	v	60326	72793	327.2	10	0.828733532070391
0	1	1	2	0.6034482758	v	13734	53862	418.35	10	0.254984961568453
2	1	1	2	0.6034482758	v	39115	52978	418.05	10	0.738325342595039
0	0	1	1	0.6034482758	v	5841	45338	532.65	10	0.12883232608408
2	2	1	1	0.6034482758	v	38751	44524	540.4	10	0.870339592130087
1	0	0	1	0.6034482758	v	17193	42518	571.2	10	0.404369913918811
2	0	2	1	0.6034482758	v	29934	41474	577.7	10	0.721753387664561
1	2	2	1	0.6034482758	v	24896	41839	577.15	10	0.595042902555032
2	0	0	1	0.6034482758	v	24246	39091	626.1	10	0.620245069197514
0	2	0	1	0.6034482758	v	11444	42151	584	10	0.271500083034803
0	2	2	1	0.6034482758	v	14639	38924	619.95	10	0.37609187133902
1	1	1	2	0.6034482758	v	17163	34211	650.4	10	0.501680745958902
1	2	0	1	0.6034482758	v	15658	30049	797.3	10	0.521082232353822
1	0	2	1	0.6034482758	v	14324	30264	784.6	10	0.47330161247687
0	1	0	1	0.6034482758	v	3493	16711	1007.2	10	0.209023996170187
2	1	2	1	0.6034482758	v	12792	16272	1037.95	10	0.786135693215339
2	0	1	1	0.6034482758	v	10360	15458	1052.95	10	0.670203131064821
0	2	1	1	0.6034482758	v	5229	15454	1061.55	10	0.338359000905914
1	0	1	1	0.6034482758	v	5870	13254	1074.1	10	0.442885166742116
1	2	1	1	0.6034482758	v	7390	13190	1074.1	10	0.56027293404094
2	1	0	1	0.6034482758	v	7537	10722	1074.1	10	0.702947211341168
0	1	2	1	0.6034482758	v	3271	10815	1074.1	10	0.302450300508553
1	1	0	1	0.6034482758	v	4009	8509	1074.1	10	0.471148196027735
1	1	2	1	0.6034482758	v	4528	8535	1074.1	10	0.530521382542472
0	1	1	1	0.6034482758	v	1290	5087	1074.1	10	0.253587576174563
2	1	1	1	0.6034482758	v	3852	5066	1074.1	10	0.760363205684959
1	1	1	1	0.6034482758	v	1692	3465	1074.1	10	0.488311688311688
0	0	0	0	0.6334482758	c	2792608	670842129	0	10	0.0041628393317558
2	2	2	2	0.6334482758	c	550311753	550354789	0	10	0.999921803169773
0	0	0	2	0.6334482758	c	43584	40714617	0.45	10	0.00107047550023619
2	2	2	0	0.6334482758	c	33601220	33729950	0.55	10	0.996183510500312
0	0	0	1	0.6334482758	c	4081	15405557	6.3	10	0.000264904410791509
1	0	0	0	0.6334482758	c	137463	7848461	33.2	10	0.0175146439537637
0	2	0	0	0.6334482758	c	3805103	4442156	34.4	10	0.856589232795967
0	0	1	0	0.6334482758	c	58557	4338477	32.3	10	0.0134971327495801
0	0	2	0	0.6334482758	c	104731	4171158	21.35	10	0.0251083751802257
2	0	0	0	0.6334482758	c	137261	3446407	38.55	10	0.0398272751883338
0	1	0	0	0.6334482758	c	1270757	2992371	89.75	10	0.424665591265254
2	2	0	0	0.6334482758	c	2659866	2796420	21.75	10	0.951168279443002
1	2	0	0	0.6334482758	c	1438909	1570678	51.15	10	0.916106929618929
2	2	2	1	0.6334482758	c	2304639	2308750	10	10	0.998219382782891
2	0	2	0	0.6334482758	c	122378	1390088	38.85	10	0.0880361531068537
2	2	1	0	0.6334482758	c	1364904	1411267	36.3	10	0.967147959953715
0	2	2	0	0.6334482758	c	1230994	1332830	43.05	10	0.92359415679419
1	2	2	0	0.6334482758	c	1243458	1315469	39.5	10	0.945258307113281
1	0	2	0	0.6334482758	c	71409	1108697	53.7	10	0.0644080393470894
0	2	1	0	0.6334482758	c	572150	627773	103.45	10	0.911396316821526
1	0	1	0	0.6334482758	c	32939	595382	120.4	10	0.0553241448347448
2	0	1	0	0.6334482758	c	45425	599613	103.1	10	0.0757571967252211
2	1	0	0	0.6334482758	c	274850	550525	140.7	10	0.499250715226375
1	1	0	0	0.6334482758	c	263648	537261	185.95	10	0.490726108911684
0	0	2	2	0.6334482758	c	29001	755364	30.9	10	0.0383934103293247
2	2	0	2	0.6334482758	c	726188	754982	31.4	10	0.96186134238962
2	1	2	0	0.6334482758	c	259311	506398	100	10	0.512069557936643
1	2	1	0	0.6334482758	c	465525	497758	119.05	10	0.935243632447896
0	1	2	0	0.6334482758	c	203490	412042	149.4	10	0.49385742230161
0	0	1	2	0.6334482758	c	13840	465590	51.25	10	0.0297257243497498
2	2	1	2	0.6334482758	c	455801	469624	50.9	10	0.970565814353611
0	2	0	2	0.6334482758	c	394788	435162	56.1	10	0.907220759165552
1	0	0	2	0.6334482758	c	21782	432626	55.3	10	0.050348337825281
2	0	2	2	0.6334482758	c	41685	437698	54.4	10	0.0952368985007928
1	2	2	2	0.6334482758	c	413043	435602	55.4	10	0.948211899853536
1	1	2	0	0.6334482758	c	144612	287558	191.15	10	0.502896806905042
2	0	0	2	0.6334482758	c	28342	402194	59.2	10	0.0704684803850878
0	2	2	2	0.6334482758	c	373899	402441	58.95	10	0.929077802708969
0	1	1	0	0.6334482758	c	112003	229167	313.55	10	0.488739652742323
1	2	0	2	0.6334482758	c	289718	312008	78.1	10	0.928559524114766
1	0	2	2	0.6334482758	c	21972	311136	78.4	10	0.0706186362233878
2	1	1	0	0.6334482758	c	93532	184271	316.95	10	0.507578512082748
1	1	1	0	0.6334482758	c	64954	130716	498.6	10	0.496909330150861
2	1	2	2	0.6334482758	c	87115	170731	141.45	10	0.5102471138809
0	1	0	2	0.6334482758	c	82249	168221	141.8	10	0.488934199654027
0	2	1	2	0.6334482758	c	147263	160806	150.5	10	0.915780505702524
2	0	1	2	0.6334482758	c	13040	159924	149.75	10	0.0815387308971762
1	2	1	2	0.6334482758	c	133032	141693	173.6	10	0.938874891490758
1	0	1	2	0.6334482758	c	8667	142356	169.45	10	0.0608825760768777
0	1	2	2	0.6334482758	c	56609	113974	216.65	10	0.496683454121115
2	1	0	2	0.6334482758	c	57845	114241	209.85	10	0.506341856251258
1	1	0	2	0.6334482758	c	43723	88176	271.6	10	0.495860551624025
1	1	2	2	0.6334482758	c	44599	88537	273.9	10	0.50373290262828
0	0	2	1	0.6334482758	c	2736	73172	360.5	10	0.037391351883234
2	2	0	1	0.6334482758	c	69048	71807	369.65	10	0.961577562076121
2	1	1	2	0.6334482758	c	27437	53510	458.05	10	0.51274528125584
2	2	1	1	0.6334482758	c	43509	44798	591.6	10	0.971226394035448
0	1	1	2	0.6334482758	c	25852	52881	463.7	10	0.488871239197443
0	0	1	1	0.6334482758	c	1363	45391	582.6	10	0.0300279791148025
2	0	2	1	0.6334482758	c	4045	41885	640.25	10	0.0965739524889579
0	2	0	1	0.6334482758	c	38132	41975	630.05	10	0.908445503275759
1	0	0	1	0.6334482758	c	2233	42314	624.8	10	0.0527721321548424
1	2	2	1	0.6334482758	c	39454	41676	630.9	10	0.946683942796814
2	0	0	1	0.6334482758	c	2764	38836	676.3	10	0.0711710783808837
0	2	2	1	0.6334482758	c	36116	38822	687.25	10	0.930297254134254
1	2	0	1	0.6334482758	c	28233	30387	862.05	10	0.929114423931286
1	1	1	2	0.6334482758	c	17427	34902	697.35	10	0.499312360323191
1	0	2	1	0.6334482758	c	2099	30196	860.85	10	0.069512518214333
0	1	0	1	0.6334482758	c	7751	16374	1114.25	10	0.473372419689752
2	1	2	1	0.6334482758	c	8351	16195	1133.65	10	0.515652979314603
2	0	1	1	0.6334482758	c	1185	15198	1152.05	10	0.0779707856296881
0	2	1	1	0.6334482758	c	14024	15272	1150.65	10	0.91828182294395
1	0	1	1	0.6334482758	c	793	13656	1169.5	10	0.0580697129466901
1	2	1	1	0.6334482758	c	12449	13266	1169.9	10	0.938413990652797
0	1	2	1	0.6334482758	c	5581	11077	1169.9	10	0.503836778911258
2	1	0	1	0.6334482758	c	5638	11193	1169.9	10	0.503707674439382
1	1	0	1	0.6334482758	c	4334	8733	1169.9	10	0.4962784839116
1	1	2	1	0.6334482758	c	4348	8670	1169.9	10	0.501499423298731
2	1	1	1	0.6334482758	c	2704	5286	1169.9	10	0.511539916761256
0	1	1	1	0.6334482758	c	2590	5286	1169.9	10	0.489973514945138
1	1	1	1	0.6334482758	c	1678	3324	1169.9	10	0.504813477737665
0	0	0	0	0.6334482758	d	6832600	674638501	0	10	0.0101277943518969
2	2	2	2	0.6334482758	d	549723161	550338464	0	10	0.998881955305236
0	0	0	2	0.6334482758	d	37569443	40704448	0.45	10	0.922981267305234
2	2	2	0	0.6334482758	d	615179	33719538	0.45	10	0.0182439925481779
0	0	0	1	0.6334482758	d	5771081	15420888	5.75	10	0.374237916778852
1	0	0	0	0.6334482758	d	11339	7846948	32.4	10	0.0014450204079344
0	2	0	0	0.6334482758	d	11438	4437568	32.35	10	0.00257753796674214
0	0	1	0	0.6334482758	d	12318	4337120	29.8	10	0.00284013354484082
0	0	2	0	0.6334482758	d	19377	4173297	19.75	10	0.00464309154129217
2	0	0	0	0.6334482758	d	10729	3446624	35.3	10	0.00311290120419286
0	1	0	0	0.6334482758	d	4206	2995266	84.15	10	0.00140421585261543
2	2	0	0	0.6334482758	d	19518	2800905	20.15	10	0.00696846197925313
1	2	0	0	0.6334482758	d	8002	1572252	48.15	10	0.00508951491236774
2	2	2	1	0.6334482758	d	1155623	2308777	9.15	10	0.5005346986738
2	2	1	0	0.6334482758	d	12281	1412563	34.05	10	0.00869412550095111
2	0	2	0	0.6334482758	d	10951	1390825	37.1	10	0.0078737440008628
0	2	2	0	0.6334482758	d	10238	1331306	39	10	0.00769019293836278
1	2	2	0	0.6334482758	d	10836	1316192	36.7	10	0.00823284140915611
1	0	2	0	0.6334482758	d	7954	1108366	49.65	10	0.00717632984050395
0	2	1	0	0.6334482758	d	4135	626877	99.2	10	0.00659619032122729
1	0	1	0	0.6334482758	d	3500	594499	110.25	10	0.0058873101552736
2	0	1	0	0.6334482758	d	4122	598807	96.35	10	0.00688368706444647
1	1	0	0	0.6334482758	d	2287	538386	167.25	10	0.00424788163139458
2	1	0	0	0.6334482758	d	3019	546757	137.3	10	0.00552164855685432
2	2	0	2	0.6334482758	d	737898	757029	29.4	10	0.974728841299343
0	0	2	2	0.6334482758	d	732939	752099	29.55	10	0.974524630401051
1	2	1	0	0.6334482758	d	3602	495097	114.8	10	0.00727534200368817
2	1	2	0	0.6334482758	d	4310	504144	96.95	10	0.00854914468881907
0	1	2	0	0.6334482758	d	2835	413487	135.6	10	0.006856321964173
0	0	1	2	0.6334482758	d	455747	467983	47.25	10	0.973853751097796
2	2	1	2	0.6334482758	d	460433	472452	46.2	10	0.974560378620474
1	0	0	2	0.6334482758	d	422428	433499	52.25	10	0.974461302102196
0	2	0	2	0.6334482758	d	424630	435727	51.8	10	0.974532218568048
2	0	2	2	0.6334482758	d	426887	438082	51.5	10	0.974445423459535
1	2	2	2	0.6334482758	d	424001	435140	50.75	10	0.974401342096796
1	1	2	0	0.6334482758	d	2203	287969	184.85	10	0.00765012900694172
0	2	2	2	0.6334482758	d	393388	403916	54.7	10	0.973935174640272
2	0	0	2	0.6334482758	d	392194	402528	56	10	0.974327251768821
0	1	1	0	0.6334482758	d	1347	227363	291.95	10	0.00592444680972718
1	0	2	2	0.6334482758	d	304141	312240	71.25	10	0.97406161926723
1	2	0	2	0.6334482758	d	304039	312159	73.55	10	0.9739876152858
2	1	1	0	0.6334482758	d	1329	183097	301.1	10	0.00725844770804546
1	1	1	0	0.6334482758	d	898	130123	469.85	10	0.00690116274601723
2	1	2	2	0.6334482758	d	164706	168943	135.5	10	0.974920535328484
0	1	0	2	0.6334482758	d	162920	167151	134.6	10	0.974687557956578
0	2	1	2	0.6334482758	d	154962	159177	142.35	10	0.97352004372491
2	0	1	2	0.6334482758	d	154842	158898	143.5	10	0.974474190990447
1	2	1	2	0.6334482758	d	137842	141391	159.75	10	0.974899392464867
1	0	1	2	0.6334482758	d	136845	140454	159.6	10	0.974304754581571
2	1	0	2	0.6334482758	d	111035	113946	197.45	10	0.97445281098064
0	1	2	2	0.6334482758	d	110542	113460	200.15	10	0.974281685175392
1	1	0	2	0.6334482758	d	85713	87896	260.05	10	0.975163829980886
1	1	2	2	0.6334482758	d	87408	89635	258.05	10	0.975154794444135
0	0	2	1	0.6334482758	d	36705	73221	332.65	10	0.501290613348629
2	2	0	1	0.6334482758	d	36231	72700	338.25	10	0.498363136176066
2	1	1	2	0.6334482758	d	51998	53284	423.55	10	0.975865175287141
0	1	1	2	0.6334482758	d	51850	53220	430.3	10	0.974257797820368
2	2	1	1	0.6334482758	d	22434	45307	543	10	0.495155274019467
0	0	1	1	0.6334482758	d	23096	45926	541.25	10	0.502895963071027
1	2	2	1	0.6334482758	d	21010	42058	588.15	10	0.499548242902658
1	0	0	1	0.6334482758	d	21332	42775	580.95	10	0.498702513150205
2	0	2	1	0.6334482758	d	20667	41559	594.4	10	0.497293005125244
0	2	0	1	0.6334482758	d	20871	41811	594.85	10	0.49917485829088
0	2	2	1	0.6334482758	d	19130	38440	637.95	10	0.497658688865765
2	0	0	1	0.6334482758	d	19637	38887	635.8	10	0.504975955975005
1	0	2	1	0.6334482758	d	14817	29728	822.85	10	0.498418998923574
1	1	1	2	0.6334482758	d	33258	34089	665.8	10	0.975622634867553
1	2	0	1	0.6334482758	d	15024	29953	809.75	10	0.50158581778119
0	1	0	1	0.6334482758	d	8290	16571	1045.15	10	0.500271558747209
2	1	2	1	0.6334482758	d	8014	16320	1038.1	10	0.491053921568627
0	2	1	1	0.6334482758	d	7746	15466	1074.85	10	0.500840553472132
2	0	1	1	0.6334482758	d	7647	15317	1078.65	10	0.499249200235033
1	2	1	1	0.6334482758	d	6700	13694	1094.3	10	0.489265371695633
1	0	1	1	0.6334482758	d	6892	13677	1094.1	10	0.503911676537252
2	1	0	1	0.6334482758	d	5443	10821	1094.3	10	0.503003419277331
0	1	2	1	0.6334482758	d	5282	10735	1094.3	10	0.492035398230089
1	1	0	1	0.6334482758	d	4284	8592	1094.3	10	0.498603351955307
1	1	2	1	0.6334482758	d	4243	8546	1094.3	10	0.496489585771121
2	1	1	1	0.6334482758	d	2661	5226	1094.3	10	0.509184845005741
0	1	1	1	0.6334482758	d	2645	5392	1094.3	10	0.490541543026706
1	1	1	1	0.6334482758	d	1583	3326	1094.3	10	0.475947083583885
0	0	0	0	0.6334482758	v	5361604	673362356	0	10	0.00796243501322192
2	2	2	2	0.6334482758	v	550152781	550355192	0	10	0.999632217515266
0	0	0	2	0.6334482758	v	203055	40707543	0.35	10	0.00498814187827548
2	2	2	0	0.6334482758	v	33131785	33736323	0.35	10	0.982080501185621
0	0	0	1	0.6334482758	v	20038	15409002	6.45	10	0.00130040868318402
1	0	0	0	0.6334482758	v	1556218	7854549	33.25	10	0.198129517048019
0	2	0	0	0.6334482758	v	670981	4435796	33.95	10	0.151265071703027
0	0	1	0	0.6334482758	v	273712	4337235	31.85	10	0.0631074866821835
0	0	2	0	0.6334482758	v	488318	4174344	20.1	10	0.116980775901555
2	0	0	0	0.6334482758	v	1466803	3448023	38.15	10	0.425404064880078
0	1	0	0	0.6334482758	v	245750	2989920	88.9	10	0.0821928345908921
2	2	0	0	0.6334482758	v	2164100	2799208	21.8	10	0.773111537263397
1	2	0	0	0.6334482758	v	749023	1571728	51.85	10	0.476560193621288
2	2	2	1	0.6334482758	v	2286803	2306509	9.9	10	0.991456352435651
2	2	1	0	0.6334482758	v	1196221	1413836	35.8	10	0.846081865223406
2	0	2	0	0.6334482758	v	956840	1389882	38.2	10	0.688432543194314
0	2	2	0	0.6334482758	v	489179	1333137	41.85	10	0.366938281661975
1	2	2	0	0.6334482758	v	773212	1313917	38.7	10	0.588478572086365
1	0	2	0	0.6334482758	v	498253	1106756	51.9	10	0.450192273635743
0	2	1	0	0.6334482758	v	194413	626912	101.5	10	0.310112105048236
2	0	1	0	0.6334482758	v	377954	599319	103.15	10	0.630639108721732
1	0	1	0	0.6334482758	v	246032	595519	110.5	10	0.413138791541496
2	1	0	0	0.6334482758	v	348056	548893	141.95	10	0.63410537208527
1	1	0	0	0.6334482758	v	223843	538253	176.3	10	0.41586948888348
2	2	0	2	0.6334482758	v	621696	756589	30.65	10	0.821709012422861
0	0	2	2	0.6334482758	v	133287	751210	30.85	10	0.177429746675364
1	2	1	0	0.6334482758	v	271212	496352	117.8	10	0.546410611823867
2	1	2	0	0.6334482758	v	381653	502977	101.6	10	0.75878817520483
0	1	2	0	0.6334482758	v	116863	412454	145.75	10	0.283335838663221
0	0	1	2	0.6334482758	v	62815	468483	50.75	10	0.134081706273227
2	2	1	2	0.6334482758	v	406420	469727	49.3	10	0.865225971681423
2	0	2	2	0.6334482758	v	312952	438709	53.65	10	0.71334757208081
1	0	0	2	0.6334482758	v	171465	432871	53.55	10	0.396111081592437
0	2	0	2	0.6334482758	v	124814	437321	52.95	10	0.285405914648508
1	2	2	2	0.6334482758	v	263993	437240	52.95	10	0.603771384136858
1	1	2	0	0.6334482758	v	147993	286872	188.7	10	0.515885133439304
2	0	0	2	0.6334482758	v	243873	401670	57.65	10	0.607147658525655
0	2	2	2	0.6334482758	v	158847	403489	58.1	10	0.393683594843973
0	1	1	0	0.6334482758	v	55589	228289	303.9	10	0.243502753089286
1	0	2	2	0.6334482758	v	147310	310960	76.15	10	0.473726524311809
1	2	0	2	0.6334482758	v	165058	311394	73.65	10	0.530061593993462
2	1	1	0	0.6334482758	v	131143	183975	317.75	10	0.712830547628754
1	1	1	0	0.6334482758	v	63397	131595	481.15	10	0.481758425472092
0	1	0	2	0.6334482758	v	37852	167438	142.65	10	0.22606576762742
2	1	2	2	0.6334482758	v	130878	169244	139.4	10	0.773309541254047
0	2	1	2	0.6334482758	v	54127	159452	149.3	10	0.339456388129343
2	0	1	2	0.6334482758	v	104846	158938	148.3	10	0.659666033296002
1	2	1	2	0.6334482758	v	79560	141615	164.7	10	0.561804893549412
1	0	1	2	0.6334482758	v	61046	140878	165	10	0.433325288547538
0	1	2	2	0.6334482758	v	35303	114388	211	10	0.308625030597615
2	1	0	2	0.6334482758	v	78540	113765	210.75	10	0.690370500593328
1	1	0	2	0.6334482758	v	41069	87796	273.45	10	0.467777575288168
1	1	2	2	0.6334482758	v	46665	87373	277.35	10	0.534089478442997
2	2	0	1	0.6334482758	v	59218	72134	367.8	10	0.8209443535642
0	0	2	1	0.6334482758	v	12836	72371	359.95	10	0.177363861215128
0	1	1	2	0.6334482758	v	14060	52689	451.65	10	0.266848867885137
2	1	1	2	0.6334482758	v	38889	53095	454.6	10	0.73244184951502
0	0	1	1	0.6334482758	v	6067	45308	570.35	10	0.133905712015538
2	2	1	1	0.6334482758	v	39092	45227	562.15	10	0.864350940809693
2	0	2	1	0.6334482758	v	29929	41735	612.05	10	0.717119923325746
0	2	0	1	0.6334482758	v	11801	42121	622.8	10	0.280169036822488
1	2	2	1	0.6334482758	v	25209	41569	611.8	10	0.60643748947533
1	0	0	1	0.6334482758	v	16739	42174	622.1	10	0.39690330535401
2	0	0	1	0.6334482758	v	22910	38344	674.3	10	0.597485916962237
0	2	2	1	0.6334482758	v	15265	38465	669.5	10	0.39685428311452
1	1	1	2	0.6334482758	v	17597	34786	689.65	10	0.505864428218249
1	2	0	1	0.6334482758	v	15710	29762	859.15	10	0.527854310866205
1	0	2	1	0.6334482758	v	13918	29844	857.55	10	0.466358396997721
0	2	1	1	0.6334482758	v	5227	15525	1122.25	10	0.336682769726248
2	1	2	1	0.6334482758	v	12471	15968	1104.2	10	0.780999498997996
0	1	0	1	0.6334482758	v	3600	16155	1096.05	10	0.222841225626741
2	0	1	1	0.6334482758	v	10101	15409	1120.4	10	0.655525991303784
1	2	1	1	0.6334482758	v	7788	13693	1140.7	10	0.568757759439129
1	0	1	1	0.6334482758	v	6006	13745	1140.7	10	0.436958894143325
2	1	0	1	0.6334482758	v	7548	11074	1140.7	10	0.681596532418277
0	1	2	1	0.6334482758	v	3436	10983	1140.7	10	0.312847127378676
1	1	0	1	0.6334482758	v	3936	8371	1140.7	10	0.470194719866205
1	1	2	1	0.6334482758	v	4452	8485	1140.7	10	0.524690630524455
0	1	1	1	0.6334482758	v	1424	5147	1140.7	10	0.276666019040218
2	1	1	1	0.6334482758	v	3736	5097	1140.7	10	0.732980184422209
1	1	1	1	0.6334482758	v	1653	3370	1140.7	10	0.490504451038576
0	0	0	0	0.9	c	6565636	674488249	0	10	0.00973424816478901
2	2	2	2	0.9	c	550056759	550348204	0.05	10	0.99947043526647
0	0	0	2	0.9	c	291239	40693585	0.4	10	0.00715687742920659
2	2	2	0	0.9	c	32863977	33729419	0.4	10	0.974341627408406
0	0	0	1	0.9	c	28193	15417905	5.5	10	0.00182858825501908
1	0	0	0	0.9	c	914121	7844813	29.45	10	0.116525530946372
0	2	0	0	0.9	c	947012	4435027	30.9	10	0.213530154382375
0	0	1	0	0.9	c	389325	4335403	29.2	10	0.0898013402675599
0	0	2	0	0.9	c	693492	4171395	18.7	10	0.166249420158005
2	0	0	0	0.9	c	898544	3444789	34.2	10	0.26084152033695
0	1	0	0	0.9	c	351569	2994140	77.9	10	0.117419025162484
2	2	0	0	0.9	c	1907466	2800470	18.95	10	0.681123525693901
1	2	0	0	0.9	c	729198	1571105	46.6	10	0.464130659631279
2	2	2	1	0.9	c	2287503	2315183	8.8	10	0.988044141651006
2	2	1	0	0.9	c	1104051	1413520	32.3	10	0.781065000848944
2	0	2	0	0.9	c	783606	1388353	34.5	10	0.564414093533849
0	2	2	0	0.9	c	682357	1334083	38.1	10	0.511480170274263
1	2	2	0	0.9	c	841068	1316025	34.4	10	0.639097281586596
1	0	2	0	0.9	c	463684	1106739	48.4	10	0.418964182160383
0	2	1	0	0.9	c	271944	626140	94.85	10	0.43431820359664
2	0	1	0	0.9	c	292971	601130	95.3	10	0.487367125247451
1	0	1	0	0.9	c	215212	595606	102.85	10	0.361332827406037
2	1	0	0	0.9	c	269197	548511	129.05	10	0.490777760154309
1	1	0	0	0.9	c	195962	537284	165.2	10	0.364727034492001
2	2	0	2	0.9	c	567290	757810	28.4	10	0.748591335559045
0	0	2	2	0.9	c	189266	753371	27.5	10	0.251225491822754
2	1	2	0	0.9	c	333005	506022	93.2	10	0.658084035871958
1	2	1	0	0.9	c	283913	496085	108	10	0.572307165102755
0	1	2	0	0.9	c	164873	413212	130.2	10	0.399003417132126
0	0	1	2	0.9	c	89692	466716	45.35	10	0.192176827021143
2	2	1	2	0.9	c	380396	470627	44.65	10	0.808274918353601
0	2	0	2	0.9	c	175932	434577	49.35	10	0.404835046493487
1	0	0	2	0.9	c	146170	433580	48.95	10	0.337123483555515
1	2	2	2	0.9	c	288627	435982	48.65	10	0.662015863040217
2	0	2	2	0.9	c	261873	437047	48.95	10	0.599187272764714
1	1	2	0	0.9	c	152491	289327	171.05	10	0.527054163628006
2	0	0	2	0.9	c	181588	401850	52.6	10	0.451880054746796
0	2	2	2	0.9	c	221491	403810	52.1	10	0.548503008840792
0	1	1	0	0.9	c	78670	227701	283.55	10	0.345496945555795
1	0	2	2	0.9	c	142017	311493	68.35	10	0.455923568105864
1	2	0	2	0.9	c	168732	309969	69.95	10	0.54435120931448
2	1	1	0	0.9	c	109101	183647	282.7	10	0.594079946854563
1	1	1	0	0.9	c	61300	130251	440.4	10	0.470629784032368
0	1	0	2	0.9	c	54627	169574	130.6	10	0.32214254543739
2	1	2	2	0.9	c	115575	169553	123.4	10	0.681645267261564
0	2	1	2	0.9	c	75647	159977	136.35	10	0.472861723872807
2	0	1	2	0.9	c	82808	157883	139.35	10	0.524489653730927
1	0	1	2	0.9	c	56595	141440	152.6	10	0.400134332579186
1	2	1	2	0.9	c	85050	141205	154	10	0.60231578201905
2	1	0	2	0.9	c	64313	113680	193.15	10	0.565737156931738
0	1	2	2	0.9	c	49872	114505	190.9	10	0.435544299375573
1	1	0	2	0.9	c	39783	88540	245	10	0.449322340185227
1	1	2	2	0.9	c	49701	89139	243.7	10	0.557567394743042
0	0	2	1	0.9	c	18415	72676	325.35	10	0.253384886344873
2	2	0	1	0.9	c	54239	72552	320.7	10	0.747587936927997
0	1	1	2	0.9	c	19919	52663	408.2	10	0.378235193589427
2	1	1	2	0.9	c	32471	52207	419.8	10	0.621966402972781
0	0	1	1	0.9	c	8801	45525	517.7	10	0.193322350356947
1	0	0	1	0.9	c	13889	41786	562.05	10	0.332384052074858
2	2	1	1	0.9	c	35956	44555	525.9	10	0.807002581079565
1	2	2	1	0.9	c	27452	41208	568.6	10	0.666181324014754
2	0	2	1	0.9	c	24994	42125	550.75	10	0.593329376854599
0	2	0	1	0.9	c	16941	42168	558.2	10	0.401750142287991
0	2	2	1	0.9	c	21144	38859	613.4	10	0.544121053037906
2	0	0	1	0.9	c	17421	38542	602.6	10	0.452000415131545
1	0	2	1	0.9	c	13779	30396	764.05	10	0.453316225819187
1	1	1	2	0.9	c	17247	34313	630.5	10	0.502637484335383
1	2	0	1	0.9	c	16355	30254	762.3	10	0.540589674092682
0	1	0	1	0.9	c	5257	16524	988.45	10	0.318143306705398
2	1	2	1	0.9	c	11120	16227	994.3	10	0.685277623713564
2	0	1	1	0.9	c	7978	15322	1020.55	10	0.520689205064613
0	2	1	1	0.9	c	7388	15446	1018.75	10	0.4783115369675
1	0	1	1	0.9	c	5519	13447	1038.3	10	0.410426117349595
1	2	1	1	0.9	c	8071	13506	1038.3	10	0.597586257959425
2	1	0	1	0.9	c	6314	11258	1038.3	10	0.56084562089181
0	1	2	1	0.9	c	4945	11341	1038.3	10	0.436028568909267
1	1	2	1	0.9	c	4672	8522	1038.3	10	0.548228115465853
1	1	0	1	0.9	c	3823	8568	1038.3	10	0.446195144724557
2	1	1	1	0.9	c	3119	5014	1038.3	10	0.622058236936578
0	1	1	1	0.9	c	1905	4913	1038.3	10	0.387746794219418
1	1	1	1	0.9	c	1652	3329	1038.3	10	0.496245118654251
0	0	0	0	0.9	d	9497791	677206722	0	10	0.0140249508627884
2	2	2	2	0.9	d	549345726	550339353	0	10	0.998194519445895
0	0	0	2	0.9	d	35766848	40703730	0.45	10	0.878711803561983
2	2	2	0	0.9	d	989865	33740419	0.4	10	0.0293376617522148
0	0	0	1	0.9	d	4916610	15412865	6.65	10	0.318993905416027
1	0	0	0	0.9	d	17819	7848725	35.25	10	0.00227030504954626
0	2	0	0	0.9	d	18231	4439214	34.15	10	0.00410680809710908
0	0	1	0	0.9	d	19778	4339198	31.8	10	0.00455798513918932
0	0	2	0	0.9	d	30916	4171209	21.35	10	0.00741175999572306
2	0	0	0	0.9	d	16874	3443907	39.35	10	0.00489966773202645
0	1	0	0	0.9	d	7179	2995045	90.35	10	0.00239695897724408
2	2	0	0	0.9	d	31636	2797106	21.6	10	0.0113102613915955
1	2	0	0	0.9	d	12919	1571050	51.3	10	0.0082231628528691
2	2	2	1	0.9	d	1155080	2308530	10.25	10	0.500353038513686
2	2	1	0	0.9	d	19169	1411478	37.25	10	0.0135807997007392
2	0	2	0	0.9	d	18274	1392412	39.05	10	0.0131239891641267
0	2	2	0	0.9	d	16519	1328697	42.1	10	0.0124324808440149
1	2	2	0	0.9	d	17795	1316404	39.7	10	0.0135178866062394
1	0	2	0	0.9	d	13107	1106350	54.2	10	0.01184706467212
0	2	1	0	0.9	d	6637	626116	103.4	10	0.0106002721540417
2	0	1	0	0.9	d	6689	598464	104.4	10	0.011176946315902
1	0	1	0	0.9	d	5697	596252	115.25	10	0.00955468493187444
2	1	0	0	0.9	d	4897	547743	140.4	10	0.00894032420313906
1	1	0	0	0.9	d	3552	537271	179.85	10	0.00661118876693512
0	0	2	2	0.9	d	724215	755695	31.35	10	0.958342982287828
2	2	0	2	0.9	d	723647	754359	31.45	10	0.959287288943328
2	1	2	0	0.9	d	7107	505145	101.95	10	0.0140692276475072
1	2	1	0	0.9	d	5916	495757	119	10	0.011933265692668
0	1	2	0	0.9	d	4683	411881	149.5	10	0.0113697888467786
2	2	1	2	0.9	d	450648	470136	50.75	10	0.95854816478636
0	0	1	2	0.9	d	448353	467805	51.9	10	0.958418571840831
0	2	0	2	0.9	d	417429	435776	54.8	10	0.957898094433838
1	0	0	2	0.9	d	415562	433580	55.6	10	0.958443655150145
1	2	2	2	0.9	d	419781	437140	54.75	10	0.960289609736011
2	0	2	2	0.9	d	421876	439827	54.45	10	0.959186225493205
1	1	2	0	0.9	d	3799	289062	194.4	10	0.0131425092194754
0	2	2	2	0.9	d	385818	402578	60.25	10	0.958368316202078
2	0	0	2	0.9	d	383231	400116	59.25	10	0.957799738075958
0	1	1	0	0.9	d	2027	228431	304.4	10	0.00887357670368733
1	2	0	2	0.9	d	298037	311167	76.9	10	0.957804008779851
1	0	2	2	0.9	d	299714	312501	77.7	10	0.959081730938461
2	1	1	0	0.9	d	2237	184229	318.85	10	0.0121424965667729
1	1	1	0	0.9	d	1446	131688	480.35	10	0.0109804993621287
0	1	0	2	0.9	d	161477	168638	144.75	10	0.957536261103666
2	1	2	2	0.9	d	161368	168426	142.9	10	0.958094355978293
0	2	1	2	0.9	d	151845	158492	155.25	10	0.958060974686419
2	0	1	2	0.9	d	151970	158676	151.8	10	0.957737780130581
1	2	1	2	0.9	d	135303	140933	170.55	10	0.960051939574124
1	0	1	2	0.9	d	135488	141197	170.9	10	0.959567129613235
2	1	0	2	0.9	d	109940	114702	209.55	10	0.958483723038831
0	1	2	2	0.9	d	109331	114147	214.5	10	0.957808790419372
1	1	0	2	0.9	d	85023	88752	272.1	10	0.957984045429962
1	1	2	2	0.9	d	85039	88567	277.25	10	0.960165750222995
0	0	2	1	0.9	d	36148	72848	359.5	10	0.496211289259829
2	2	0	1	0.9	d	36114	72205	365.9	10	0.500159268748702
2	1	1	2	0.9	d	51787	53922	452.9	10	0.960405771299284
0	1	1	2	0.9	d	50964	53089	461.65	10	0.95997287573697
0	0	1	1	0.9	d	22971	45497	582.9	10	0.504890432336198
2	2	1	1	0.9	d	22357	45033	584.1	10	0.496458152910088
1	0	0	1	0.9	d	21089	42300	632.3	10	0.498557919621749
0	2	0	1	0.9	d	20735	41877	635.35	10	0.495140530601524
1	2	2	1	0.9	d	21181	42402	623.35	10	0.499528324135654
2	0	2	1	0.9	d	20786	41879	627.1	10	0.496334678478474
2	0	0	1	0.9	d	19510	38911	678.5	10	0.501400632211971
0	2	2	1	0.9	d	19333	39040	676.15	10	0.495210040983607
1	1	1	2	0.9	d	33361	34830	695.1	10	0.957823715188056
1	0	2	1	0.9	d	14809	29879	868.55	10	0.495632383948593
1	2	0	1	0.9	d	15020	30107	856.05	10	0.498887301956356
2	1	2	1	0.9	d	8117	16153	1128.8	10	0.502507274190553
0	2	1	1	0.9	d	7701	15404	1148.2	10	0.499935081796936
0	1	0	1	0.9	d	7938	16314	1120.75	10	0.486575947039353
2	0	1	1	0.9	d	7509	15212	1147.3	10	0.493623455166973
1	2	1	1	0.9	d	6666	13593	1164.8	10	0.490399470315604
1	0	1	1	0.9	d	6626	13435	1164.8	10	0.493189430591738
0	1	2	1	0.9	d	5545	10933	1164.8	10	0.507180096954175
2	1	0	1	0.9	d	5387	10910	1164.8	10	0.493767186067828
1	1	0	1	0.9	d	4383	8572	1164.8	10	0.511315912272515
1	1	2	1	0.9	d	4081	8342	1164.8	10	0.489211220330856
2	1	1	1	0.9	d	2643	5325	1164.8	10	0.496338028169014
0	1	1	1	0.9	d	2576	5284	1164.8	10	0.487509462528388
1	1	1	1	0.9	d	1670	3313	1164.8	10	0.504074856625415
0	0	0	0	0.9	v	6571934	674511967	0	10	0.00974324299868204
2	2	2	2	0.9	v	550053084	550345061	0	10	0.999469465575889
0	0	0	2	0.9	v	291468	40696252	0.4	10	0.00716203546213543
2	2	2	0	0.9	v	32863574	33728067	0.4	10	0.974368735688292
0	0	0	1	0.9	v	28230	15403235	5.65	10	0.00183273189041133
1	0	0	0	0.9	v	914796	7852841	30.65	10	0.116492362445642
0	2	0	0	0.9	v	948035	4436293	31.35	10	0.213699816490931
0	0	1	0	0.9	v	390249	4339395	28.9	10	0.0899316609803901
0	0	2	0	0.9	v	694055	4170046	18.6	10	0.166438211952578
2	0	0	0	0.9	v	897647	3445575	34.55	10	0.260521683608686
0	1	0	0	0.9	v	350798	2991914	79.75	10	0.117248690971732
2	2	0	0	0.9	v	1903144	2796902	19.55	10	0.680447151884478
1	2	0	0	0.9	v	728636	1571583	47	10	0.46363189217496
2	2	2	1	0.9	v	2275813	2303382	8.85	10	0.988031077780412
2	2	1	0	0.9	v	1105185	1414751	32.15	10	0.781186936782515
2	0	2	0	0.9	v	784336	1389404	35.5	10	0.564512553584127
0	2	2	0	0.9	v	678814	1331011	37.2	10	0.509998790393167
1	2	2	0	0.9	v	840034	1313804	36.35	10	0.639390654922652
1	0	2	0	0.9	v	463971	1106330	48.25	10	0.419378485623638
0	2	1	0	0.9	v	272765	626959	92.7	10	0.435060346848837
1	0	1	0	0.9	v	215449	596106	102.85	10	0.361427330038617
2	0	1	0	0.9	v	290984	599046	92.95	10	0.485745668946959
1	1	0	0	0.9	v	196947	537439	157.6	10	0.36645461159313
2	1	0	0	0.9	v	268888	548115	127.35	10	0.490568585059705
2	2	0	2	0.9	v	568614	759825	28	10	0.748348632908894
0	0	2	2	0.9	v	190252	752420	28.1	10	0.252853459504
1	2	1	0	0.9	v	283954	495438	107.85	10	0.57313730476871
2	1	2	0	0.9	v	331936	504200	91.4	10	0.658341927806426
0	1	2	0	0.9	v	164286	412579	129.2	10	0.39819283094874
0	0	1	2	0.9	v	90511	470436	44.95	10	0.192398115790458
2	2	1	2	0.9	v	380786	471097	46.1	10	0.80829638057555
2	0	2	2	0.9	v	260667	437806	49.15	10	0.595393850244172
1	0	0	2	0.9	v	145846	433094	48.95	10	0.336753683957755
1	2	2	2	0.9	v	291472	439281	49.55	10	0.663520616644016
0	2	0	2	0.9	v	175884	436709	49	10	0.402748741152575
1	1	2	0	0.9	v	152193	287280	172.2	10	0.529772347535505
2	0	0	2	0.9	v	183230	402984	53.6	10	0.454683064340023
0	2	2	2	0.9	v	221611	404018	53.85	10	0.548517640303155
0	1	1	0	0.9	v	78611	228533	277.4	10	0.343980956798362
1	2	0	2	0.9	v	170070	311307	69.85	10	0.546309591496497
1	0	2	2	0.9	v	142053	311986	69.75	10	0.455318507881764
2	1	1	0	0.9	v	109148	183963	282.4	10	0.593314960073493
1	1	1	0	0.9	v	61170	129684	432.55	10	0.471685018969187
0	1	0	2	0.9	v	54656	168831	125.85	10	0.323732016039708
2	1	2	2	0.9	v	114930	169060	126.15	10	0.679817816159943
2	0	1	2	0.9	v	83195	159260	136.65	10	0.522384779605676
0	2	1	2	0.9	v	75331	158930	135.05	10	0.473988548417542
1	0	1	2	0.9	v	56186	141529	156.8	10	0.396992842456316
1	2	1	2	0.9	v	84913	140862	150	10	0.602809842256961
2	1	0	2	0.9	v	65128	114904	190.55	10	0.566803592564228
0	1	2	2	0.9	v	49694	114106	190.65	10	0.435507335284735
1	1	2	2	0.9	v	49680	89376	236.8	10	0.555853920515575
1	1	0	2	0.9	v	39463	88433	243.55	10	0.446247441565931
0	0	2	1	0.9	v	18625	73791	311.9	10	0.252402054451085
2	2	0	1	0.9	v	54043	72767	320.55	10	0.742685558013935
0	1	1	2	0.9	v	20426	53500	397.6	10	0.381794392523365
2	1	1	2	0.9	v	32912	53057	402.7	10	0.620314001922461
2	2	1	1	0.9	v	36179	44681	512.1	10	0.809717777131219
0	2	0	1	0.9	v	16928	42457	546.15	10	0.398709282332713
1	0	0	1	0.9	v	14291	42345	554	10	0.337489668201677
2	0	2	1	0.9	v	25200	42371	542.45	10	0.594746406740459
0	0	1	1	0.9	v	8526	45030	511.35	10	0.189340439706862
1	2	2	1	0.9	v	27964	42136	548.75	10	0.663660527814695
0	2	2	1	0.9	v	21175	38796	595.05	10	0.545803691102176
2	0	0	1	0.9	v	17567	38572	599.1	10	0.455433993570466
1	1	1	2	0.9	v	16950	34124	641.2	10	0.496717852537803
1	0	2	1	0.9	v	13614	29629	770	10	0.45948226399811
1	2	0	1	0.9	v	16235	30038	763	10	0.540482056062321
0	2	1	1	0.9	v	7475	15746	988.25	10	0.474723739362378
0	1	0	1	0.9	v	5276	16177	977.4	10	0.326142053532793
2	1	2	1	0.9	v	10611	15884	985.15	10	0.668030722739864
1	2	1	1	0.9	v	8074	13541	1021.5	10	0.596263200649878
2	0	1	1	0.9	v	8092	15233	1012.55	10	0.531215125057441
1	0	1	1	0.9	v	5610	13691	1021.5	10	0.409758235337083
0	1	2	1	0.9	v	4794	10941	1021.5	10	0.438168357554154
2	1	0	1	0.9	v	6337	11227	1021.5	10	0.564442860960185
1	1	2	1	0.9	v	4722	8586	1021.5	10	0.549965059399022
1	1	0	1	0.9	v	4006	8766	1021.5	10	0.4569929272188
2	1	1	1	0.9	v	2930	4955	1021.5	10	0.591321897073663
0	1	1	1	0.9	v	2107	5055	1021.5	10	0.416815034619189
1	1	1	1	0.9	v	1642	3261	1021.5	10	0.503526525605642
0	0	0	0	0.9913793103	a	5331249	673313534	0	10	0.00791792936097435
2	2	2	2	0.9913793103	a	550206108	550330996	0	10	0.999773067479557
0	0	0	2	0.9913793103	a	123606	40699351	0.45	10	0.00303705088565171
2	2	2	0	0.9913793103	a	33356946	33724909	0.4	10	0.989089281160106
0	0	0	1	0.9913793103	a	11737	15418441	6.65	10	0.000761231307367587
1	0	0	0	0.9913793103	a	154292	7846422	35.8	10	0.0196639946207329
0	2	0	0	0.9913793103	a	160682	4437451	36.1	10	0.0362104280137403
0	0	1	0	0.9913793103	a	1699146	4337629	32.95	10	0.391722298057303
0	0	2	0	0.9913793103	a	3323453	4173534	21.55	10	0.796316263387336
2	0	0	0	0.9913793103	a	152471	3448308	40.75	10	0.0442161779052219
0	1	0	0	0.9913793103	a	59672	2989482	92.55	10	0.0199606487010124
2	2	0	0	0.9913793103	a	338841	2797108	22.2	10	0.121139762926566
1	2	0	0	0.9913793103	a	124034	1571669	51.8	10	0.0789186527188613
2	2	2	1	0.9913793103	a	2297143	2308907	10.15	10	0.994904948531924
2	2	1	0	0.9913793103	a	733142	1412022	36.55	10	0.519214289862339
2	0	2	0	0.9913793103	a	1241923	1389229	40.2	10	0.893965645692683
0	2	2	0	0.9913793103	a	1179471	1332725	43.05	10	0.885007034459472
1	2	2	0	0.9913793103	a	1191714	1315697	40.45	10	0.905766297255371
1	0	2	0	0.9913793103	a	965212	1108380	56.1	10	0.870831303343619
0	2	1	0	0.9913793103	a	305550	626809	108.25	10	0.487469069525166
2	0	1	0	0.9913793103	a	295508	599972	110.15	10	0.492536318361524
1	0	1	0	0.9913793103	a	286686	594645	122.2	10	0.482112857250965
2	1	0	0	0.9913793103	a	45427	548146	147.15	10	0.0828739058571986
1	1	0	0	0.9913793103	a	33290	536603	189.7	10	0.0620384157375192
2	2	0	2	0.9913793103	a	111495	756967	32.6	10	0.14729175776487
0	0	2	2	0.9913793103	a	642240	753198	32.6	10	0.852684154764086
1	2	1	0	0.9913793103	a	246637	494422	124.75	10	0.498839048424221
2	1	2	0	0.9913793103	a	458828	505127	107.15	10	0.9083418625415
0	1	2	0	0.9913793103	a	356564	410889	152.5	10	0.867786677180455
0	0	1	2	0.9913793103	a	222404	469171	53	10	0.474036119026965
2	2	1	2	0.9913793103	a	248127	470203	52.25	10	0.527701864939186
2	0	2	2	0.9913793103	a	397924	438310	56.7	10	0.907859733978235
1	0	0	2	0.9913793103	a	36039	435445	56.7	10	0.0827636096407124
1	2	2	2	0.9913793103	a	401102	436941	57	10	0.917977484374321
0	2	0	2	0.9913793103	a	39570	434335	57.15	10	0.0911047923837591
1	1	2	0	0.9913793103	a	254432	286899	205.05	10	0.88683473975162
2	0	0	2	0.9913793103	a	39407	401720	62.5	10	0.0980956885392811
0	2	2	2	0.9913793103	a	363133	402660	62.25	10	0.901835295286346
0	1	1	0	0.9913793103	a	109988	228887	320.8	10	0.48053406265974
1	2	0	2	0.9913793103	a	34844	311878	79.8	10	0.111723173805142
1	0	2	2	0.9913793103	a	277514	312585	78.45	10	0.887803317497641
2	1	1	0	0.9913793103	a	92155	183661	332.15	10	0.501766842171174
1	1	1	0	0.9913793103	a	64376	130972	500.55	10	0.491524906086797
0	1	0	2	0.9913793103	a	13667	168096	149.4	10	0.0813047306301161
2	1	2	2	0.9913793103	a	155215	169010	149.7	10	0.918377610792261
2	0	1	2	0.9913793103	a	80352	160127	155.25	10	0.501801694904669
0	2	1	2	0.9913793103	a	78724	158566	160.15	10	0.496474654087257
1	0	1	2	0.9913793103	a	69010	140493	181.1	10	0.491198849764757
1	2	1	2	0.9913793103	a	72017	141285	177.75	10	0.509728562833988
2	1	0	2	0.9913793103	a	12961	113802	218.25	10	0.113890792780443
0	1	2	2	0.9913793103	a	101158	114042	219.2	10	0.887024078848144
1	1	0	2	0.9913793103	a	8715	87981	288.05	10	0.0990554778872711
1	1	2	2	0.9913793103	a	79310	87999	286.5	10	0.901260241593654
2	2	0	1	0.9913793103	a	10788	72689	380.35	10	0.148413102395135
0	0	2	1	0.9913793103	a	61469	72589	373.95	10	0.846808745126672
2	1	1	2	0.9913793103	a	27363	53597	465.45	10	0.510532305912644
0	1	1	2	0.9913793103	a	26261	53298	471.7	10	0.49272017711734
2	2	1	1	0.9913793103	a	23857	45295	607	10	0.526702726570262
1	0	0	1	0.9913793103	a	3411	42229	647.65	10	0.0807738757725733
0	2	0	1	0.9913793103	a	3910	42082	653.45	10	0.0929138348937788
0	0	1	1	0.9913793103	a	21259	45381	595.75	10	0.468455961746105
2	0	0	1	0.9913793103	a	3779	38948	701.4	10	0.0970268049707302
2	0	2	1	0.9913793103	a	37808	41740	646.8	10	0.905797795879252
1	2	2	1	0.9913793103	a	38307	41715	641	10	0.918302768788206
0	2	2	1	0.9913793103	a	35078	38715	697.4	10	0.906057083817642
1	1	1	2	0.9913793103	a	17299	34754	722.5	10	0.497755654025436
1	0	2	1	0.9913793103	a	26430	29877	889.45	10	0.884626970579375
1	2	0	1	0.9913793103	a	3367	30076	896.65	10	0.111949727357361
0	1	0	1	0.9913793103	a	1390	16588	1139.15	10	0.0837955148299976
2	1	2	1	0.9913793103	a	14736	16086	1159.25	10	0.916076091010817
2	0	1	1	0.9913793103	a	7792	15450	1187.55	10	0.504336569579288
0	2	1	1	0.9913793103	a	7731	15375	1185.5	10	0.502829268292683
1	0	1	1	0.9913793103	a	6652	13778	1204.7	10	0.482798664537669
1	2	1	1	0.9913793103	a	7071	13811	1204.7	10	0.51198320179567
0	1	2	1	0.9913793103	a	9767	11066	1204.7	10	0.882613410446412
2	1	0	1	0.9913793103	a	1313	11094	1204.7	10	0.118352262484226
1	1	0	1	0.9913793103	a	788	8367	1204.7	10	0.0941795147603681
1	1	2	1	0.9913793103	a	7531	8320	1204.7	10	0.905168269230769
2	1	1	1	0.9913793103	a	2500	5037	1204.7	10	0.496327178876315
0	1	1	1	0.9913793103	a	2559	5066	1204.7	10	0.505132254243979
1	1	1	1	0.9913793103	a	1679	3297	1204.7	10	0.509250834091598
0	0	0	0	0.9913793103	d	10757816	678353701	0	10	0.0158587120319994
2	2	2	2	0.9913793103	d	549159803	550362521	0	10	0.997814680407716
0	0	0	2	0.9913793103	d	34819625	40695872	0.4	10	0.855605821642057
2	2	2	0	0.9913793103	d	1200198	33725582	0.4	10	0.0355871694074842
0	0	0	1	0.9913793103	d	4584523	15411818	5.6	10	0.297468020969363
1	0	0	0	0.9913793103	d	22058	7848631	31.05	10	0.00281042642978119
0	2	0	0	0.9913793103	d	22236	4440253	32.15	10	0.00500782275244226
0	0	1	0	0.9913793103	d	23824	4338440	29.5	10	0.00549137477987479
0	0	2	0	0.9913793103	d	38214	4170648	18.9	10	0.00916260494772035
2	0	0	0	0.9913793103	d	20290	3444504	36.2	10	0.00589054331189628
0	1	0	0	0.9913793103	d	8527	2994249	82.75	10	0.00284779255165486
2	2	0	0	0.9913793103	d	38572	2800995	19.75	10	0.0137708207262062
1	2	0	0	0.9913793103	d	15653	1570392	49.3	10	0.00996757497491072
2	2	2	1	0.9913793103	d	1157838	2307545	8.9	10	0.501761829130093
2	2	1	0	0.9913793103	d	23530	1413243	33.2	10	0.0166496490695514
2	0	2	0	0.9913793103	d	22206	1390455	36.2	10	0.0159703118763283
0	2	2	0	0.9913793103	d	20147	1328716	39.65	10	0.0151627586331466
1	2	2	0	0.9913793103	d	21549	1315277	37.25	10	0.0163836210927432
1	0	2	0	0.9913793103	d	15622	1107219	49.6	10	0.0141092231979401
0	2	1	0	0.9913793103	d	7985	628640	96.5	10	0.0127020234156274
1	0	1	0	0.9913793103	d	7033	597735	107	10	0.0117660836323789
2	0	1	0	0.9913793103	d	7975	601237	92.1	10	0.0132643200601427
2	1	0	0	0.9913793103	d	5769	548397	133.1	10	0.0105197512021401
1	1	0	0	0.9913793103	d	4330	538325	164.25	10	0.00804346816514188
0	0	2	2	0.9913793103	d	717390	755961	28.75	10	0.948977526618437
2	2	0	2	0.9913793103	d	716452	754277	29	10	0.949852640343004
1	2	1	0	0.9913793103	d	6865	495513	109.65	10	0.0138543287461681
2	1	2	0	0.9913793103	d	8626	504878	95.15	10	0.017085315660417
0	1	2	0	0.9913793103	d	5553	412125	137.2	10	0.0134740673339399
0	0	1	2	0.9913793103	d	445046	468319	46.75	10	0.950305240658611
2	2	1	2	0.9913793103	d	448185	471709	46.55	10	0.950130270993345
0	2	0	2	0.9913793103	d	414654	436717	49.6	10	0.949479869114323
1	0	0	2	0.9913793103	d	410851	432309	50.7	10	0.950364207083359
2	0	2	2	0.9913793103	d	416618	438578	50.15	10	0.949929089010393
1	2	2	2	0.9913793103	d	414749	436234	49.05	10	0.950748909988676
1	1	2	0	0.9913793103	d	4373	287505	177.1	10	0.0152101702579086
0	2	2	2	0.9913793103	d	384819	404647	53.55	10	0.950999266026932
2	0	0	2	0.9913793103	d	379608	399769	55.2	10	0.949568375736988
0	1	1	0	0.9913793103	d	2598	227996	290.05	10	0.0113949367532764
1	0	2	2	0.9913793103	d	295994	311596	70.3	10	0.94992875389928
1	2	0	2	0.9913793103	d	295931	311511	70.45	10	0.949985714790168
2	1	1	0	0.9913793103	d	2560	183748	286.7	10	0.0139321244312863
1	1	1	0	0.9913793103	d	1749	130119	449.15	10	0.0134415419731169
0	1	0	2	0.9913793103	d	160199	168854	131.1	10	0.948742700794769
2	0	1	2	0.9913793103	d	152045	160013	140.55	10	0.950204045921269
2	1	2	2	0.9913793103	d	160133	168404	131.15	10	0.950885964703926
0	2	1	2	0.9913793103	d	151484	159386	138.5	10	0.950422245366594
1	0	1	2	0.9913793103	d	134347	141427	157.85	10	0.949938837704257
1	2	1	2	0.9913793103	d	134595	141825	157.3	10	0.949021681649921
2	1	0	2	0.9913793103	d	107996	113640	197.9	10	0.950334389299542
0	1	2	2	0.9913793103	d	108240	114031	195.05	10	0.949215564188686
1	1	2	2	0.9913793103	d	84744	89060	248.05	10	0.951538288794071
1	1	0	2	0.9913793103	d	83869	88287	251	10	0.949958657560003
0	0	2	1	0.9913793103	d	36147	72964	334.95	10	0.495408694698756
2	2	0	1	0.9913793103	d	35731	71464	342.8	10	0.499986006940558
0	1	1	2	0.9913793103	d	50489	53145	420.25	10	0.950023520556967
2	1	1	2	0.9913793103	d	50567	53244	425.25	10	0.949722034407633
0	0	1	1	0.9913793103	d	22658	45785	541.35	10	0.494878235229879
2	2	1	1	0.9913793103	d	22762	45166	538.7	10	0.503963158127795
0	2	0	1	0.9913793103	d	21108	42391	571.45	10	0.497935882616593
1	0	0	1	0.9913793103	d	20852	41997	578.75	10	0.496511655594447
2	0	2	1	0.9913793103	d	20736	41664	579.95	10	0.497695852534562
1	2	2	1	0.9913793103	d	20635	41117	588.95	10	0.501860544300411
0	2	2	1	0.9913793103	d	19155	38776	611.85	10	0.493991128533113
2	0	0	1	0.9913793103	d	19497	38638	626.6	10	0.504606863709302
1	1	1	2	0.9913793103	d	32451	34162	658.6	10	0.949915110356537
1	0	2	1	0.9913793103	d	14683	29924	796.3	10	0.49067638016308
1	2	0	1	0.9913793103	d	15203	30376	782.6	10	0.500493810903345
2	1	2	1	0.9913793103	d	8206	16477	1031.85	10	0.498027553559507
0	1	0	1	0.9913793103	d	8182	16501	1014.05	10	0.495848736440216
0	2	1	1	0.9913793103	d	7756	15464	1057.45	10	0.501551991722711
2	0	1	1	0.9913793103	d	7852	15543	1054.1	10	0.505179180338416
1	2	1	1	0.9913793103	d	6862	13577	1075.2	10	0.505413567061943
1	0	1	1	0.9913793103	d	6755	13743	1075.2	10	0.491522957141818
0	1	2	1	0.9913793103	d	5605	11155	1075.2	10	0.502465262214254
2	1	0	1	0.9913793103	d	5567	11090	1075.2	10	0.501983769161407
1	1	2	1	0.9913793103	d	4221	8619	1075.2	10	0.489731987469544
1	1	0	1	0.9913793103	d	4329	8455	1075.2	10	0.512004730928445
0	1	1	1	0.9913793103	d	2793	5351	1075.2	10	0.521958512427584
2	1	1	1	0.9913793103	d	2580	5312	1075.2	10	0.485692771084337
1	1	1	1	0.9913793103	d	1738	3395	1075.2	10	0.511929307805596
0	0	0	0	0.9913793103	v	7248916	675130471	0	10	0.0107370594446181
2	2	2	2	0.9913793103	v	550007288	550365706	0	10	0.999348763928979
0	0	0	2	0.9913793103	v	357820	40710345	0.4	10	0.00878941212608245
2	2	2	0	0.9913793103	v	32655689	33720552	0.4	10	0.968420949929882
0	0	0	1	0.9913793103	v	34878	15402465	6.1	10	0.00226444273692555
1	0	0	0	0.9913793103	v	810534	7849239	33.75	10	0.103262749420676
0	2	0	0	0.9913793103	v	839989	4435178	34.85	10	0.189392398681631
0	0	1	0	0.9913793103	v	481727	4339138	32.15	10	0.111019054936718
0	0	2	0	0.9913793103	v	849100	4169836	20.45	10	0.203629111552589
2	0	0	0	0.9913793103	v	796653	3451714	37.4	10	0.230799249300492
0	1	0	0	0.9913793103	v	312086	2995160	89.05	10	0.104196770790208
2	2	0	0	0.9913793103	v	1713305	2798346	21.4	10	0.61225631140681
1	2	0	0	0.9913793103	v	644614	1571662	50.6	10	0.410147983472273
2	2	2	1	0.9913793103	v	2272258	2306170	9.65	10	0.985295099667414
2	2	1	0	0.9913793103	v	1034817	1413808	35.7	10	0.731936019600964
2	0	2	0	0.9913793103	v	789538	1391472	38.55	10	0.567412064346246
0	2	2	0	0.9913793103	v	695517	1331705	42.35	10	0.522275579050916
1	2	2	0	0.9913793103	v	832061	1319357	39.15	10	0.630656448557896
1	0	2	0	0.9913793103	v	493836	1106069	54.05	10	0.446478474670206
0	2	1	0	0.9913793103	v	271681	628487	106.1	10	0.432277835500177
1	0	1	0	0.9913793103	v	222597	596683	114.65	10	0.373057385579948
2	0	1	0	0.9913793103	v	283627	597979	104.1	10	0.474309298487071
1	1	0	0	0.9913793103	v	174208	536849	181.85	10	0.324500930429227
2	1	0	0	0.9913793103	v	237618	547742	143.6	10	0.433813729821704
2	2	0	2	0.9913793103	v	523847	756354	31.3	10	0.692595001811321
0	0	2	2	0.9913793103	v	231773	753239	31.4	10	0.307701805137546
2	1	2	0	0.9913793103	v	325574	503752	101.25	10	0.64629817846877
1	2	1	0	0.9913793103	v	270494	496973	120.35	10	0.544283089825805
0	1	2	0	0.9913793103	v	175610	411029	148.6	10	0.427244792946483
0	0	1	2	0.9913793103	v	111090	469100	50	10	0.236815178000426
2	2	1	2	0.9913793103	v	359708	470752	50.65	10	0.764113588471212
0	2	0	2	0.9913793103	v	172713	436391	54.45	10	0.395775806558797
1	2	2	2	0.9913793103	v	288004	436490	53.9	10	0.659818094343513
2	0	2	2	0.9913793103	v	264671	436315	54.25	10	0.606605319551242
1	0	0	2	0.9913793103	v	147442	434826	55.35	10	0.339082759540598
1	1	2	0	0.9913793103	v	154196	287708	193.9	10	0.535946167642193
0	2	2	2	0.9913793103	v	228781	405177	57.1	10	0.564644587427223
2	0	0	2	0.9913793103	v	175537	401896	60.15	10	0.436772199773076
0	1	1	0	0.9913793103	v	81858	227779	304.75	10	0.359374657014036
1	0	2	2	0.9913793103	v	153687	312840	76.25	10	0.4912639048715
1	2	0	2	0.9913793103	v	159100	311351	77.85	10	0.510998840536886
2	1	1	0	0.9913793103	v	102523	183169	320.35	10	0.559718074565019
1	1	1	0	0.9913793103	v	60290	130356	488.3	10	0.462502684955046
0	1	0	2	0.9913793103	v	55191	168654	141.45	10	0.327243943221032
2	1	2	2	0.9913793103	v	113484	169078	141.55	10	0.671193177113522
2	0	1	2	0.9913793103	v	83170	159984	154.9	10	0.519864486448645
0	2	1	2	0.9913793103	v	75944	159112	150.1	10	0.47729900950274
1	2	1	2	0.9913793103	v	82525	141717	167.25	10	0.582322516000198
1	0	1	2	0.9913793103	v	59560	140588	175.15	10	0.423649244601246
0	1	2	2	0.9913793103	v	53906	113942	212.3	10	0.473100349300521
2	1	0	2	0.9913793103	v	60022	113260	210.9	10	0.529948790393784
1	1	0	2	0.9913793103	v	38327	88088	273.05	10	0.435098991917174
1	1	2	2	0.9913793103	v	50800	88741	276.25	10	0.572452417709965
0	0	2	1	0.9913793103	v	22390	72880	363.1	10	0.307217343578485
2	2	0	1	0.9913793103	v	50090	72156	359.8	10	0.694190365319585
0	1	1	2	0.9913793103	v	21524	53363	454.25	10	0.403350636208609
0	0	1	1	0.9913793103	v	10699	45412	580.35	10	0.235598520214921
2	1	1	2	0.9913793103	v	31903	53383	454.2	10	0.597624711986962
2	2	1	1	0.9913793103	v	34351	44939	574	10	0.764391731013151
1	2	2	1	0.9913793103	v	27611	42085	632.2	10	0.656076987050018
1	0	0	1	0.9913793103	v	14529	42765	610.55	10	0.339740441950193
0	2	0	1	0.9913793103	v	16708	42224	625.45	10	0.395699128457749
2	0	2	1	0.9913793103	v	25014	41601	635.25	10	0.601283622989832
2	0	0	1	0.9913793103	v	16787	38655	679.1	10	0.434277583753719
0	2	2	1	0.9913793103	v	21586	38460	679.65	10	0.561258450338013
1	1	1	2	0.9913793103	v	17306	34291	701.9	10	0.504680528418536
1	0	2	1	0.9913793103	v	14518	29604	862.25	10	0.490406701797054
1	2	0	1	0.9913793103	v	15360	30010	854.3	10	0.511829390203266
0	1	0	1	0.9913793103	v	5339	16271	1102.1	10	0.328129801487309
2	1	2	1	0.9913793103	v	10952	16517	1100.85	10	0.663074408185506
2	0	1	1	0.9913793103	v	7800	15224	1138.7	10	0.512348922753547
0	2	1	1	0.9913793103	v	7327	15187	1137.7	10	0.482452097188385
1	0	1	1	0.9913793103	v	5702	13722	1153.45	10	0.415537093718117
1	2	1	1	0.9913793103	v	8039	13741	1153.5	10	0.585037479077214
0	1	2	1	0.9913793103	v	5039	10845	1153.5	10	0.464638082065468
2	1	0	1	0.9913793103	v	5682	10785	1153.5	10	0.526842837273992
1	1	0	1	0.9913793103	v	3597	8572	1153.5	10	0.41962202519832
1	1	2	1	0.9913793103	v	4800	8427	1153.5	10	0.569597721609114
0	1	1	1	0.9913793103	v	2049	5019	1153.5	10	0.40824865511058
2	1	1	1	0.9913793103	v	2884	4995	1153.5	10	0.577377377377377
1	1	1	1	0.9913793103	v	1760	3505	1153.5	10	0.502139800285307
0	0	0	0	1.1637931034	a	8474694	676321291	0	10	0.0125305740226948
2	2	2	2	1.1637931034	a	549757767	550268373	0	10	0.999072078234814
0	0	0	2	1.1637931034	a	507446	40702821	0.5	10	0.0124670965680733
2	2	2	0	1.1637931034	a	32220411	33726037	0.5	10	0.955357162183034
0	0	0	1	1.1637931034	a	49624	15408148	6.25	10	0.00322063365434963
1	0	0	0	1.1637931034	a	632221	7847187	36	10	0.0805665775519304
0	2	0	0	1.1637931034	a	655631	4436364	36.3	10	0.147785664115929
0	0	1	0	1.1637931034	a	682603	4335650	33.5	10	0.157439599598676
0	0	2	0	1.1637931034	a	1189754	4168321	21.55	10	0.285427633812271
2	0	0	0	1.1637931034	a	617433	3442835	40.2	10	0.179338539314257
0	1	0	0	1.1637931034	a	244977	2994952	92.4	10	0.0817966364736396
2	2	0	0	1.1637931034	a	1332595	2797352	22.55	10	0.476377302534683
1	2	0	0	1.1637931034	a	499258	1569905	53.7	10	0.318017969240177
2	2	2	1	1.1637931034	a	2258701	2307629	9.95	10	0.978797285005519
2	2	1	0	1.1637931034	a	883307	1412600	38.5	10	0.625305819057058
2	0	2	0	1.1637931034	a	798999	1387498	40.2	10	0.575855965197788
0	2	2	0	1.1637931034	a	724301	1328721	44.2	10	0.545111426702822
1	2	2	0	1.1637931034	a	817269	1314577	40.65	10	0.621697321647952
1	0	2	0	1.1637931034	a	543564	1107221	55.3	10	0.490926382357271
0	2	1	0	1.1637931034	a	264794	629229	107.35	10	0.420822943634194
2	0	1	0	1.1637931034	a	269742	601183	106	10	0.448685342067224
1	0	1	0	1.1637931034	a	227131	595595	120.35	10	0.381351421687556
1	1	0	0	1.1637931034	a	135452	538557	192.45	10	0.251509125310784
2	1	0	0	1.1637931034	a	184491	549188	148.25	10	0.335934142770782
2	2	0	2	1.1637931034	a	434767	757055	32.7	10	0.574287205024734
0	0	2	2	1.1637931034	a	322077	752212	31.75	10	0.428173174583761
2	1	2	0	1.1637931034	a	318196	503281	107.7	10	0.632243219990423
1	2	1	0	1.1637931034	a	245740	495899	128.8	10	0.495544455625037
0	1	2	0	1.1637931034	a	197913	412873	152.15	10	0.47935563720563
2	2	1	2	1.1637931034	a	313528	469878	52.25	10	0.667254053179762
0	0	1	2	1.1637931034	a	156190	468494	53.9	10	0.333387407309379
1	2	2	2	1.1637931034	a	291552	437858	56.45	10	0.665859707941844
0	2	0	2	1.1637931034	a	161394	435239	56.8	10	0.37081695344397
1	0	0	2	1.1637931034	a	145597	434006	57.45	10	0.335472320659161
2	0	2	2	1.1637931034	a	275362	436430	56.35	10	0.630941960910112
1	1	2	0	1.1637931034	a	159923	287543	201.7	10	0.556170729247452
2	0	0	2	1.1637931034	a	158619	400831	61.75	10	0.395725380521966
0	2	2	2	1.1637931034	a	243181	401826	62.3	10	0.605189808524088
0	1	1	0	1.1637931034	a	84447	227813	330.8	10	0.370685606176996
1	0	2	2	1.1637931034	a	173561	312530	79.35	10	0.555341887178831
1	2	0	2	1.1637931034	a	138637	311526	78.75	10	0.445025455339201
2	1	1	0	1.1637931034	a	92686	183173	336.95	10	0.506002522205784
1	1	1	0	1.1637931034	a	57861	130537	507.5	10	0.443253636899883
2	1	2	2	1.1637931034	a	114879	170632	145.75	10	0.67325589572882
0	1	0	2	1.1637931034	a	54864	167949	151.4	10	0.326670596431059
2	0	1	2	1.1637931034	a	81778	159867	157.9	10	0.511537715726197
0	2	1	2	1.1637931034	a	77808	159585	156.6	10	0.487564620735031
1	0	1	2	1.1637931034	a	63824	141377	179.35	10	0.451445426059401
1	2	1	2	1.1637931034	a	78082	140707	177.6	10	0.554926194148123
0	1	2	2	1.1637931034	a	62586	114593	222.1	10	0.546159014948557
2	1	0	2	1.1637931034	a	52688	114892	222.4	10	0.458587194930892
1	1	2	2	1.1637931034	a	54078	88851	290.7	10	0.608636931492048
1	1	0	2	1.1637931034	a	35209	88922	288.6	10	0.395953757225434
0	0	2	1	1.1637931034	a	31149	73322	370.7	10	0.424824745642508
2	2	0	1	1.1637931034	a	41106	72097	377.1	10	0.570148549870314
2	1	1	2	1.1637931034	a	29267	52399	485.7	10	0.558541193534228
0	1	1	2	1.1637931034	a	23426	53172	477.7	10	0.440570224930414
0	0	1	1	1.1637931034	a	14779	45435	601.75	10	0.325277869483878
2	2	1	1	1.1637931034	a	30240	45205	593.2	10	0.668952549496737
1	0	0	1	1.1637931034	a	14187	42007	643.95	10	0.33772942604804
1	2	2	1	1.1637931034	a	27402	41656	658.75	10	0.657816400998656
2	0	2	1	1.1637931034	a	26118	41495	666.1	10	0.629425231955657
0	2	0	1	1.1637931034	a	15030	41257	657.5	10	0.364301815449499
0	2	2	1	1.1637931034	a	23031	38093	735.55	10	0.604599270207125
2	0	0	1	1.1637931034	a	15557	39078	697.75	10	0.398101233430575
1	2	0	1	1.1637931034	a	13432	30379	898.35	10	0.44214753612693
1	0	2	1	1.1637931034	a	16865	30147	892.3	10	0.559425481805818
1	1	1	2	1.1637931034	a	17008	34154	746.25	10	0.497979738830005
2	1	2	1	1.1637931034	a	10984	16343	1154.3	10	0.672092027167595
0	1	0	1	1.1637931034	a	5392	16590	1154.35	10	0.325015069318867
2	0	1	1	1.1637931034	a	7766	15398	1189.8	10	0.504351214443434
0	2	1	1	1.1637931034	a	7399	15317	1197.95	10	0.483058040086179
1	0	1	1	1.1637931034	a	6046	13686	1211.2	10	0.44176530761362
1	2	1	1	1.1637931034	a	7493	13648	1211.2	10	0.54901817116061
0	1	2	1	1.1637931034	a	5983	10985	1211.2	10	0.544651797906236
2	1	0	1	1.1637931034	a	5017	10959	1211.2	10	0.457797244274113
1	1	0	1	1.1637931034	a	3476	8722	1211.2	10	0.39853244668654
1	1	2	1	1.1637931034	a	5119	8589	1211.2	10	0.595994877168471
2	1	1	1	1.1637931034	a	2929	5104	1211.2	10	0.573863636363636
0	1	1	1	1.1637931034	a	2228	5120	1211.2	10	0.43515625
1	1	1	1	1.1637931034	a	1709	3383	1211.2	10	0.505172923440733
0	0	0	0	1.1637931034	d	13163994	680579322	0	10	0.0193423361164064
2	2	2	2	1.1637931034	d	548693999	550336862	0	10	0.997014804725183
0	0	0	2	1.1637931034	d	32993072	40703941	0.5	10	0.810562102573802
2	2	2	0	1.1637931034	d	1642295	33746617	0.5	10	0.0486654706751791
0	0	0	1	1.1637931034	d	4019901	15404494	5.95	10	0.260956380650997
1	0	0	0	1.1637931034	d	29701	7850502	33.2	10	0.00378332493896569
0	2	0	0	1.1637931034	d	30035	4437670	34.45	10	0.00676819141576548
0	0	1	0	1.1637931034	d	32273	4337872	30.75	10	0.00743982302843422
0	0	2	0	1.1637931034	d	51887	4172765	20.05	10	0.0124346806014717
2	0	0	0	1.1637931034	d	27944	3447703	36.1	10	0.00810510650134307
0	1	0	0	1.1637931034	d	11514	2995536	87.5	10	0.00384371945454837
2	2	0	0	1.1637931034	d	51944	2798587	21.4	10	0.0185607951441209
1	2	0	0	1.1637931034	d	20873	1568850	48.8	10	0.013304649902795
2	2	2	1	1.1637931034	d	1156091	2309018	9.8	10	0.500685139743389
2	2	1	0	1.1637931034	d	31748	1412868	35.8	10	0.0224706058881651
2	0	2	0	1.1637931034	d	30087	1390328	37.7	10	0.021640217272471
0	2	2	0	1.1637931034	d	27832	1331007	39.7	10	0.0209104835662021
1	2	2	0	1.1637931034	d	29649	1314898	37.6	10	0.0225485170712861
1	0	2	0	1.1637931034	d	20856	1103786	53.05	10	0.0188949669591751
0	2	1	0	1.1637931034	d	10910	626058	100.65	10	0.0174265004200889
2	0	1	0	1.1637931034	d	11346	598479	100.55	10	0.0189580586787506
1	0	1	0	1.1637931034	d	9771	594293	111.6	10	0.0164413849734054
2	1	0	0	1.1637931034	d	7699	548233	137.6	10	0.0140432991082259
1	1	0	0	1.1637931034	d	6228	537289	175.4	10	0.0115915270924958
2	2	0	2	1.1637931034	d	704734	756587	29.85	10	0.931464590324708
0	0	2	2	1.1637931034	d	702593	754285	31	10	0.93146887449704
2	1	2	0	1.1637931034	d	11556	505076	100.25	10	0.0228797250314804
1	2	1	0	1.1637931034	d	9693	494924	116.8	10	0.0195848251448707
0	1	2	0	1.1637931034	d	7956	411947	145	10	0.0193131640720772
0	0	1	2	1.1637931034	d	435767	468241	50.45	10	0.930646825032408
2	2	1	2	1.1637931034	d	439763	471421	48.65	10	0.932845588126112
0	2	0	2	1.1637931034	d	405292	435102	53.5	10	0.931487329407817
1	2	2	2	1.1637931034	d	406567	435623	53.2	10	0.933300124189953
1	0	0	2	1.1637931034	d	404682	434931	53.1	10	0.930451037061051
2	0	2	2	1.1637931034	d	406315	436324	54	10	0.931223127767439
1	1	2	0	1.1637931034	d	6040	287565	186.3	10	0.0210039469337367
0	2	2	2	1.1637931034	d	376375	404037	58.4	10	0.931535973190574
2	0	0	2	1.1637931034	d	373734	401561	56.65	10	0.930702931808617
0	1	1	0	1.1637931034	d	3754	228311	301.9	10	0.0164424841553845
1	0	2	2	1.1637931034	d	290492	311345	73.3	10	0.933022852462702
1	2	0	2	1.1637931034	d	288743	309353	74.45	10	0.933377080551991
2	1	1	0	1.1637931034	d	3586	183749	309.5	10	0.0195157524666801
1	1	1	0	1.1637931034	d	2361	131541	470.25	10	0.0179487764271216
0	1	0	2	1.1637931034	d	156356	167923	139.4	10	0.931117238258011
2	1	2	2	1.1637931034	d	158425	169888	136.4	10	0.932526134865323
2	0	1	2	1.1637931034	d	147402	158125	145.8	10	0.932186561264822
0	2	1	2	1.1637931034	d	147595	158787	146.75	10	0.929515640449155
1	2	1	2	1.1637931034	d	130814	140851	165.85	10	0.928740300033369
1	0	1	2	1.1637931034	d	131397	141093	166.4	10	0.931279368926878
0	1	2	2	1.1637931034	d	106791	114515	203.15	10	0.932550320918657
2	1	0	2	1.1637931034	d	106261	114045	205.55	10	0.931746240519093
1	1	2	2	1.1637931034	d	82322	88431	261.25	10	0.930917890784906
1	1	0	2	1.1637931034	d	81751	87650	264.25	10	0.932698231602966
2	2	0	1	1.1637931034	d	36056	72635	354.3	10	0.496399807255455
0	0	2	1	1.1637931034	d	36040	72282	355.05	10	0.498602695000138
0	1	1	2	1.1637931034	d	49318	53068	437.85	10	0.929335946333007
0	0	1	1	1.1637931034	d	22616	45626	562.45	10	0.49568228641564
2	1	1	2	1.1637931034	d	49537	53239	451.55	10	0.930464509100471
2	2	1	1	1.1637931034	d	22020	44894	565.2	10	0.490488706731412
1	2	2	1	1.1637931034	d	21126	41892	608.35	10	0.504296763105127
0	2	0	1	1.1637931034	d	21020	42228	605.4	10	0.497773988822582
2	0	2	1	1.1637931034	d	20623	41423	602.45	10	0.497863505781812
1	0	0	1	1.1637931034	d	20983	42240	599.05	10	0.496756628787879
2	0	0	1	1.1637931034	d	19456	39163	650.95	10	0.496795444679927
0	2	2	1	1.1637931034	d	19415	38908	645.7	10	0.498997635447723
1	2	0	1	1.1637931034	d	15118	30070	833.05	10	0.502760226139009
1	1	1	2	1.1637931034	d	32408	34749	675.45	10	0.932631154853377
1	0	2	1	1.1637931034	d	14925	30008	836.05	10	0.49736736870168
0	1	0	1	1.1637931034	d	8290	16524	1074.75	10	0.501694504962479
2	0	1	1	1.1637931034	d	7632	15236	1107.1	10	0.500918876345497
0	2	1	1	1.1637931034	d	7736	15495	1108.9	10	0.499257825104873
2	1	2	1	1.1637931034	d	7978	15938	1095.65	10	0.500564688166646
1	0	1	1	1.1637931034	d	6569	13358	1127	10	0.491765234316514
1	2	1	1	1.1637931034	d	6676	13484	1127.1	10	0.495105309997034
2	1	0	1	1.1637931034	d	5471	11127	1127.1	10	0.491686887750517
0	1	2	1	1.1637931034	d	5404	10807	1127.1	10	0.500046266308874
1	1	2	1	1.1637931034	d	4273	8607	1127.1	10	0.496456372719879
1	1	0	1	1.1637931034	d	4359	8636	1127.1	10	0.504747568318666
0	1	1	1	1.1637931034	d	2641	5155	1127.1	10	0.512318137730359
2	1	1	1	1.1637931034	d	2396	5011	1127.1	10	0.478148074236679
1	1	1	1	1.1637931034	d	1674	3443	1127.1	10	0.486203891954691
0	0	0	0	1.1637931034	v	8480261	676358089	0	10	0.0125381231302166
2	2	2	2	1.1637931034	v	549843640	550358062	0	10	0.999065295785564
0	0	0	2	1.1637931034	v	510023	40706126	0.45	10	0.0125293917677157
2	2	2	0	1.1637931034	v	32229719	33740255	0.4	10	0.955230450985033
0	0	0	1	1.1637931034	v	50194	15407705	6.05	10	0.00325772073128347
1	0	0	0	1.1637931034	v	634886	7852642	32.35	10	0.0808499865395621
0	2	0	0	1.1637931034	v	654862	4438936	33.2	10	0.147526794709363
0	0	1	0	1.1637931034	v	680882	4339105	30	10	0.156917613194426
0	0	2	0	1.1637931034	v	1191451	4172463	20.05	10	0.285551004286916
2	0	0	0	1.1637931034	v	617797	3446150	36.9	10	0.179271650972825
0	1	0	0	1.1637931034	v	244274	2993035	83.85	10	0.0816141475124748
2	2	0	0	1.1637931034	v	1329571	2798649	20.8	10	0.475076009889057
1	2	0	0	1.1637931034	v	498144	1568748	49.1	10	0.317542396866801
2	2	2	1	1.1637931034	v	2259397	2308691	9.35	10	0.978648506881172
2	2	1	0	1.1637931034	v	885112	1414325	34.6	10	0.625819383804995
2	0	2	0	1.1637931034	v	802111	1388813	36.6	10	0.577551477412726
0	2	2	0	1.1637931034	v	724427	1330464	40.2	10	0.544491996777064
1	2	2	0	1.1637931034	v	819220	1317553	36.6	10	0.621773848945735
1	0	2	0	1.1637931034	v	543519	1106644	51.15	10	0.491141686034533
0	2	1	0	1.1637931034	v	264900	628959	96.95	10	0.421172127276977
1	0	1	0	1.1637931034	v	227547	595857	109.55	10	0.381881894481394
2	0	1	0	1.1637931034	v	270174	601306	97.65	10	0.449311997551995
2	1	0	0	1.1637931034	v	184302	548952	139.05	10	0.335734271848905
1	1	0	0	1.1637931034	v	135400	536475	172.9	10	0.252388275315718
2	2	0	2	1.1637931034	v	432724	754510	30.1	10	0.573516586923964
0	0	2	2	1.1637931034	v	322594	753774	29.6	10	0.427971779339696
1	2	1	0	1.1637931034	v	245855	496099	110.5	10	0.495576487757484
2	1	2	0	1.1637931034	v	320177	504598	97.45	10	0.634518963610637
0	1	2	0	1.1637931034	v	196053	410402	138.25	10	0.477709660284307
0	0	1	2	1.1637931034	v	155014	468419	48.1	10	0.330930214188579
2	2	1	2	1.1637931034	v	314509	470811	46.9	10	0.668015403208506
2	0	2	2	1.1637931034	v	275856	437213	51.3	10	0.630941897885013
1	0	0	2	1.1637931034	v	145793	435258	52.2	10	0.334957657297511
1	2	2	2	1.1637931034	v	291505	436903	52.15	10	0.667207595278586
0	2	0	2	1.1637931034	v	161262	436645	51.8	10	0.369320615145026
1	1	2	0	1.1637931034	v	160169	287975	178.4	10	0.556190641548746
0	2	2	2	1.1637931034	v	243828	402198	55.55	10	0.606238718243253
2	0	0	2	1.1637931034	v	158657	399979	55.85	10	0.396663324824553
0	1	1	0	1.1637931034	v	85421	228266	288.1	10	0.374216922362507
1	0	2	2	1.1637931034	v	173516	311153	73.45	10	0.557654915748844
1	2	0	2	1.1637931034	v	138891	311976	73.75	10	0.445197707515963
2	1	1	0	1.1637931034	v	93227	183181	308.3	10	0.508933786801033
1	1	1	0	1.1637931034	v	57159	130076	457.25	10	0.439427719179557
0	1	0	2	1.1637931034	v	54669	167351	136.4	10	0.32667268196784
2	1	2	2	1.1637931034	v	114123	169482	133.2	10	0.673363543031118
2	0	1	2	1.1637931034	v	81770	159521	143.65	10	0.512597087530795
0	2	1	2	1.1637931034	v	78655	160392	142.35	10	0.490392288892214
1	2	1	2	1.1637931034	v	77736	141058	161.15	10	0.551092458421359
1	0	1	2	1.1637931034	v	63292	141238	162.95	10	0.448123026381002
0	1	2	2	1.1637931034	v	61701	114125	199.7	10	0.540644030668127
2	1	0	2	1.1637931034	v	52106	113859	199.6	10	0.457636199158608
1	1	2	2	1.1637931034	v	53261	87898	263.15	10	0.605940977041571
1	1	0	2	1.1637931034	v	34560	88182	257.3	10	0.391916717697489
2	2	0	1	1.1637931034	v	41538	73164	338.65	10	0.567738231917336
0	0	2	1	1.1637931034	v	31141	73037	333.6	10	0.426372934266194
2	1	1	2	1.1637931034	v	29743	53609	429.85	10	0.554813557425059
0	0	1	1	1.1637931034	v	15063	45239	552	10	0.332964919648975
2	2	1	1	1.1637931034	v	29858	44945	559.75	10	0.664323061519635
0	1	1	2	1.1637931034	v	23498	53070	431.55	10	0.442773695119653
1	0	0	1	1.1637931034	v	14156	42571	579.45	10	0.332526837518498
2	0	2	1	1.1637931034	v	27059	42173	587.95	10	0.641619045360776
0	2	0	1	1.1637931034	v	15391	42420	580.7	10	0.362824139556813
1	2	2	1	1.1637931034	v	28150	42105	584.15	10	0.668566678541741
0	2	2	1	1.1637931034	v	23238	38707	640.05	10	0.600356524659622
2	0	0	1	1.1637931034	v	15371	39125	633.6	10	0.392869009584665
1	2	0	1	1.1637931034	v	13632	30491	803.9	10	0.447082745728248
1	1	1	2	1.1637931034	v	17083	34273	668.45	10	0.498439004464155
1	0	2	1	1.1637931034	v	16760	30264	809.55	10	0.553793285752049
0	1	0	1	1.1637931034	v	5201	16273	1054.35	10	0.319609168561421
2	1	2	1	1.1637931034	v	10703	15812	1061.5	10	0.676890968884392
0	2	1	1	1.1637931034	v	7438	15113	1082.95	10	0.49215906835175
2	0	1	1	1.1637931034	v	7800	15380	1087	10	0.507152145643693
1	2	1	1	1.1637931034	v	7520	13714	1095.2	10	0.548344757182441
1	0	1	1	1.1637931034	v	6132	13862	1095.2	10	0.442360409753282
0	1	2	1	1.1637931034	v	5952	11031	1095.2	10	0.53957030187653
2	1	0	1	1.1637931034	v	5281	11270	1095.2	10	0.468589174800355
1	1	2	1	1.1637931034	v	5097	8448	1095.2	10	0.603338068181818
1	1	0	1	1.1637931034	v	3301	8328	1095.2	10	0.396373679154659
0	1	1	1	1.1637931034	v	2370	5194	1095.2	10	0.456295725837505
2	1	1	1	1.1637931034	v	2756	4958	1095.2	10	0.555869302137959
1	1	1	1	1.1637931034	v	1621	3328	1095.2	10	0.487079326923077
0	0	0	0	3.5775862068	d	38025854	701629683	0	10	0.0541964727566978
2	2	2	2	3.5775862068	d	539059870	550333699	0	10	0.979514558129939
0	0	0	2	3.5775862068	d	11035429	40711244	0.45	10	0.271065875560079
2	2	2	0	3.5775862068	d	11180741	33736202	0.5	10	0.331416707784711
0	0	0	1	3.5775862068	d	1100497	15412446	6.85	10	0.0714031374384053
1	0	0	0	3.5775862068	d	207496	7847744	36.85	10	0.0264402100782085
0	2	0	0	3.5775862068	d	207434	4437215	37.75	10	0.0467486925920876
0	0	1	0	3.5775862068	d	222312	4339569	35.7	10	0.0512290506269171
0	0	2	0	3.5775862068	d	358191	4174771	21.85	10	0.0857989575955184
2	0	0	0	3.5775862068	d	189582	3441229	41.85	10	0.0550913641608855
0	1	0	0	3.5775862068	d	80892	2994055	96.1	10	0.0270175397579537
2	2	0	0	3.5775862068	d	355120	2796011	23.6	10	0.127009514626373
1	2	0	0	3.5775862068	d	147665	1569321	56.25	10	0.0940948346450471
2	2	2	1	3.5775862068	d	1256710	2308169	10.7	10	0.544461865660617
2	2	1	0	3.5775862068	d	219899	1411624	39.15	10	0.155777317472641
2	0	2	0	3.5775862068	d	204757	1389234	42	10	0.147388416926162
0	2	2	0	3.5775862068	d	189741	1330637	45.5	10	0.14259411094085
1	2	2	0	3.5775862068	d	205894	1318067	43.35	10	0.156209054623172
1	0	2	0	3.5775862068	d	147568	1106762	58.1	10	0.133333092390234
0	2	1	0	3.5775862068	d	76372	628337	111.1	10	0.121546240313717
2	0	1	0	3.5775862068	d	75662	599866	110.8	10	0.12613150270227
1	0	1	0	3.5775862068	d	66491	593441	126.4	10	0.112043151720222
2	1	0	0	3.5775862068	d	54106	551221	151.2	10	0.0981566377188097
1	1	0	0	3.5775862068	d	42159	538717	195.6	10	0.0782581578082741
0	0	2	2	3.5775862068	d	402754	754924	33.35	10	0.53350271020659
2	2	0	2	3.5775862068	d	403450	755606	33.7	10	0.533942292676342
2	1	2	0	3.5775862068	d	79098	504783	112.8	10	0.156697036152168
1	2	1	0	3.5775862068	d	66507	495550	128	10	0.13420845525174
0	1	2	0	3.5775862068	d	54084	412585	158.2	10	0.13108571567071
2	2	1	2	3.5775862068	d	255373	471445	54.4	10	0.541681426253327
0	0	1	2	3.5775862068	d	246061	464830	56.65	10	0.529356969214552
0	2	0	2	3.5775862068	d	231556	435933	59.7	10	0.531173368384591
1	2	2	2	3.5775862068	d	236038	437581	58.15	10	0.539415559633531
2	0	2	2	3.5775862068	d	236124	438950	58.45	10	0.537929149105821
1	0	0	2	3.5775862068	d	231684	436082	59.15	10	0.531285400452209
1	1	2	0	3.5775862068	d	41051	286618	209.3	10	0.143225477813675
2	0	0	2	3.5775862068	d	213936	401814	65.05	10	0.532425450581612
0	2	2	2	3.5775862068	d	216285	402043	63.35	10	0.537964844556428
0	1	1	0	3.5775862068	d	25117	227978	330.6	10	0.110172911421277
1	0	2	2	3.5775862068	d	167151	311985	82.7	10	0.53576614260301
1	2	0	2	3.5775862068	d	166639	311825	83.5	10	0.534399102060451
2	1	1	0	3.5775862068	d	25244	183950	342.4	10	0.137232943734711
1	1	1	0	3.5775862068	d	16272	130992	520.85	10	0.124221326493221
2	1	2	2	3.5775862068	d	91133	169730	152.5	10	0.536929240558534
0	1	0	2	3.5775862068	d	89569	168778	156.65	10	0.530691203829883
0	2	1	2	3.5775862068	d	84863	159337	164.35	10	0.532600714209506
2	0	1	2	3.5775862068	d	85180	159491	161.95	10	0.534074022985623
1	2	1	2	3.5775862068	d	76176	141509	183.4	10	0.538312050823623
1	0	1	2	3.5775862068	d	75405	140931	182.7	10	0.535049066564489
0	1	2	2	3.5775862068	d	60971	114103	226.75	10	0.53435054293051
2	1	0	2	3.5775862068	d	60270	113557	227	10	0.530746673476756
1	1	0	2	3.5775862068	d	46384	87412	293.35	10	0.530636525877454
1	1	2	2	3.5775862068	d	47626	88833	291.75	10	0.536129591480643
2	2	0	1	3.5775862068	d	31294	72851	387.85	10	0.42956170814402
0	0	2	1	3.5775862068	d	30817	72326	390.95	10	0.426084672178746
0	1	1	2	3.5775862068	d	28618	54121	475.55	10	0.528778108312855
2	1	1	2	3.5775862068	d	28816	53074	495.8	10	0.542940045973546
0	0	1	1	3.5775862068	d	19329	45526	625.45	10	0.424570575056012
2	2	1	1	3.5775862068	d	19528	45040	627.85	10	0.433570159857904
0	2	0	1	3.5775862068	d	18050	42409	665.55	10	0.4256172038954
1	0	0	1	3.5775862068	d	18141	42862	652.95	10	0.423242032569642
2	0	2	1	3.5775862068	d	18149	42278	669.2	10	0.429277638488103
0	2	2	1	3.5775862068	d	16532	38439	722.25	10	0.430084029241135
1	2	2	1	3.5775862068	d	18292	42094	668.75	10	0.434551242457357
2	0	0	1	3.5775862068	d	16694	38765	723.6	10	0.430646201470399
1	1	1	2	3.5775862068	d	18345	34314	760.9	10	0.534621437314216
1	2	0	1	3.5775862068	d	12890	30074	928.4	10	0.428609430072488
1	0	2	1	3.5775862068	d	12992	30178	927.1	10	0.430512293723905
0	1	0	1	3.5775862068	d	7132	16507	1186.55	10	0.432059126431211
2	1	2	1	3.5775862068	d	6940	16230	1208.75	10	0.427603203943315
2	0	1	1	3.5775862068	d	6655	15515	1228.75	10	0.428939735739607
0	2	1	1	3.5775862068	d	6484	15255	1232.15	10	0.425040970173714
1	0	1	1	3.5775862068	d	5744	13434	1248.8	10	0.427571832663391
1	2	1	1	3.5775862068	d	5957	13682	1248.8	10	0.435389562929396
2	1	0	1	3.5775862068	d	4664	10933	1248.8	10	0.426598371901582
0	1	2	1	3.5775862068	d	4707	10947	1248.8	10	0.429980816662099
1	1	2	1	3.5775862068	d	3686	8558	1248.8	10	0.430708109371348
1	1	0	1	3.5775862068	d	3643	8479	1248.8	10	0.429649722844675
0	1	1	1	3.5775862068	d	2198	5088	1248.8	10	0.431996855345912
2	1	1	1	3.5775862068	d	2161	5024	1248.8	10	0.430135350318471
1	1	1	1	3.5775862068	d	1486	3303	1248.8	10	0.449894035725098
0	0	0	0	3.5775862068	v	38048875	701586945	0	10	0.054232586953282
2	2	2	2	3.5775862068	v	539044510	550326838	0	10	0.979498859185203
0	0	0	2	3.5775862068	v	11042914	40719091	0.35	10	0.271197458705549
2	2	2	0	3.5775862068	v	11175372	33730869	0.35	10	0.33130993452911
0	0	0	1	3.5775862068	v	1099496	15412439	6.2	10	0.0713382223280819
1	0	0	0	3.5775862068	v	206421	7851954	33.15	10	0.0262891249744968
0	2	0	0	3.5775862068	v	207067	4438896	34	10	0.0466483107511417
0	0	1	0	3.5775862068	v	223046	4336449	31.8	10	0.0514351719575164
0	0	2	0	3.5775862068	v	356573	4171441	19.85	10	0.0854795740848306
2	0	0	0	3.5775862068	v	190585	3445336	37.35	10	0.0553168109003012
0	1	0	0	3.5775862068	v	80714	2995151	87.05	10	0.0269482239793586
2	2	0	0	3.5775862068	v	354716	2798203	21.3	10	0.126765642092443
1	2	0	0	3.5775862068	v	148565	1575521	49.75	10	0.0942957916778006
2	2	2	1	3.5775862068	v	1257429	2311369	9.7	10	0.544019150555364
2	2	1	0	3.5775862068	v	220057	1411110	35.65	10	0.155946028303959
2	0	2	0	3.5775862068	v	205742	1389657	37.9	10	0.148052361122205
0	2	2	0	3.5775862068	v	188641	1330485	40.35	10	0.14178363529089
1	2	2	0	3.5775862068	v	204225	1315222	38.25	10	0.155277968282161
1	0	2	0	3.5775862068	v	146954	1105245	53	10	0.132960565304525
0	2	1	0	3.5775862068	v	74610	626038	99.55	10	0.1191780690629
1	0	1	0	3.5775862068	v	67028	595391	113.9	10	0.112578120932295
2	0	1	0	3.5775862068	v	75217	599869	103.65	10	0.125389043274448
2	1	0	0	3.5775862068	v	53919	548079	136.65	10	0.0983781535143656
1	1	0	0	3.5775862068	v	41809	537317	174.5	10	0.0778106778679997
0	0	2	2	3.5775862068	v	401553	754259	30	10	0.532380786971054
2	2	0	2	3.5775862068	v	406483	755603	30.2	10	0.537958425257708
2	1	2	0	3.5775862068	v	79401	503817	99.35	10	0.157598890073181
1	2	1	0	3.5775862068	v	66680	495357	116.8	10	0.134609988351835
0	1	2	0	3.5775862068	v	54018	413981	145.5	10	0.130484249277141
0	0	1	2	3.5775862068	v	248328	467367	49.8	10	0.531334047975146
2	2	1	2	3.5775862068	v	253761	471059	48.9	10	0.538703219766526
1	2	2	2	3.5775862068	v	236741	438603	52.6	10	0.539761469939786
0	2	0	2	3.5775862068	v	231542	436503	53.65	10	0.530447671608213
1	0	0	2	3.5775862068	v	228914	433477	53.35	10	0.528087995441511
2	0	2	2	3.5775862068	v	234818	435993	52.85	10	0.538582041454794
1	1	2	0	3.5775862068	v	41473	287901	187.5	10	0.144052990437685
0	2	2	2	3.5775862068	v	216434	403235	57.7	10	0.536744082234925
2	0	0	2	3.5775862068	v	213946	401897	57.25	10	0.532340375767921
0	1	1	0	3.5775862068	v	25046	227956	302.5	10	0.109872080576953
1	0	2	2	3.5775862068	v	167779	313086	75.1	10	0.535887903004286
1	2	0	2	3.5775862068	v	165013	310276	75.55	10	0.531826502855522
2	1	1	0	3.5775862068	v	24912	183926	313.4	10	0.13544577710601
1	1	1	0	3.5775862068	v	16023	130680	467.4	10	0.122612488521579
0	1	0	2	3.5775862068	v	89422	168266	138.85	10	0.53143237493017
2	1	2	2	3.5775862068	v	91140	169464	139.55	10	0.53781334088656
2	0	1	2	3.5775862068	v	84895	158351	146.8	10	0.536119127760481
0	2	1	2	3.5775862068	v	84912	159398	146.35	10	0.532704299928481
1	0	1	2	3.5775862068	v	75182	140910	168.55	10	0.533546235185579
1	2	1	2	3.5775862068	v	75762	141558	165.9	10	0.535201118975967
0	1	2	2	3.5775862068	v	60781	113633	209.95	10	0.534888632703528
2	1	0	2	3.5775862068	v	61060	113898	209.65	10	0.536093697870024
1	1	2	2	3.5775862068	v	47697	88275	266.2	10	0.540322854715378
1	1	0	2	3.5775862068	v	46371	87632	270	10	0.52915601606719
0	0	2	1	3.5775862068	v	31720	73733	349.05	10	0.430200859859222
2	2	0	1	3.5775862068	v	31280	72725	344.75	10	0.430113441045033
2	1	1	2	3.5775862068	v	28771	53349	446.25	10	0.539297831262067
0	1	1	2	3.5775862068	v	28163	52776	449.5	10	0.533632711838715
0	0	1	1	3.5775862068	v	19237	44988	578	10	0.427602916333244
2	2	1	1	3.5775862068	v	19478	44545	566.1	10	0.437265686384555
2	0	2	1	3.5775862068	v	18339	42730	597.8	10	0.429183243622747
1	0	0	1	3.5775862068	v	18114	42753	606.8	10	0.423689565644516
0	2	0	1	3.5775862068	v	18479	42666	598.4	10	0.433108329817653
1	2	2	1	3.5775862068	v	18289	42008	600.5	10	0.43536945343744
2	0	0	1	3.5775862068	v	16452	38342	673.95	10	0.429085598038704
0	2	2	1	3.5775862068	v	16559	38348	667.75	10	0.431808699280275
1	1	1	2	3.5775862068	v	18364	34081	697.35	10	0.538833954402746
1	0	2	1	3.5775862068	v	12975	29822	852.3	10	0.43508148346858
1	2	0	1	3.5775862068	v	12762	29907	847.75	10	0.4267228408065
0	1	0	1	3.5775862068	v	7162	16624	1083.5	10	0.430822906641001
0	2	1	1	3.5775862068	v	6722	15479	1114.15	10	0.434265779443117
2	1	2	1	3.5775862068	v	6957	16240	1098.65	10	0.428386699507389
2	0	1	1	3.5775862068	v	6699	15564	1114.65	10	0.43041634541249
1	0	1	1	3.5775862068	v	5742	13463	1137.3	10	0.426502265468321
1	2	1	1	3.5775862068	v	5621	13225	1137.3	10	0.425028355387524
0	1	2	1	3.5775862068	v	4736	10976	1137.3	10	0.431486880466472
2	1	0	1	3.5775862068	v	4717	11072	1137.3	10	0.426029624277457
1	1	0	1	3.5775862068	v	3699	8625	1137.3	10	0.428869565217391
1	1	2	1	3.5775862068	v	3712	8589	1137.3	10	0.432180696239376
2	1	1	1	3.5775862068	v	2183	5097	1137.3	10	0.428291151657838
0	1	1	1	3.5775862068	v	2196	5143	1137.3	10	0.426988139218355
1	1	1	1	3.5775862068	v	1438	3219	1137.3	10	0.446722584653619
0	0	0	0	4.5	v	52500799	712458611	0	10	0.0736896125464894
2	2	2	2	4.5	v	530414605	550339061	0	10	0.963796035186388
0	0	0	2	4.5	v	9066032	40709737	0.4	10	0.222699350772028
2	2	2	0	4.5	v	9107078	33744798	0.4	10	0.269880945797927
0	0	0	1	4.5	v	943016	15405027	6.15	10	0.0612148229276067
1	0	0	0	4.5	v	177720	7845450	34.5	10	0.0226526203085865
0	2	0	0	4.5	v	178048	4438529	34.35	10	0.0401141909853467
0	0	1	0	4.5	v	191122	4340075	32.2	10	0.0440365661883723
0	0	2	0	4.5	v	304966	4173816	20.75	10	0.0730664696287522
2	0	0	0	4.5	v	163428	3446811	38.5	10	0.0474142620526626
0	1	0	0	4.5	v	68536	2991948	90.25	10	0.0229068152253983
2	2	0	0	4.5	v	304162	2797360	21.6	10	0.1087318042726
1	2	0	0	4.5	v	126028	1571102	52	10	0.0802163067706616
2	2	2	1	4.5	v	985138	2306719	9.8	10	0.427073258598035
2	2	1	0	4.5	v	187587	1411918	36.2	10	0.132859698651055
2	0	2	0	4.5	v	175132	1388389	39.25	10	0.126140440467333
0	2	2	0	4.5	v	161427	1332945	40.95	10	0.121105521983278
1	2	2	0	4.5	v	175161	1314208	39.15	10	0.133282554968468
1	0	2	0	4.5	v	125269	1106454	52.45	10	0.113216636209006
0	2	1	0	4.5	v	64367	627237	103.3	10	0.102619902843742
1	0	1	0	4.5	v	57468	594654	112.6	10	0.0966410719510842
2	0	1	0	4.5	v	64065	599507	102.9	10	0.106862805605272
2	1	0	0	4.5	v	45966	549276	138.95	10	0.0836847049570708
1	1	0	0	4.5	v	35551	537222	177.8	10	0.0661756219961208
2	2	0	2	4.5	v	319468	754788	30.65	10	0.423255271678935
0	0	2	2	4.5	v	316171	755532	30.35	10	0.418474664210119
1	2	1	0	4.5	v	56629	496595	115.85	10	0.114034575458875
2	1	2	0	4.5	v	68657	506044	100.1	10	0.135673973014204
0	1	2	0	4.5	v	45984	411382	144.4	10	0.111779319464634
0	0	1	2	4.5	v	194464	466946	50.6	10	0.416459290795938
2	2	1	2	4.5	v	199749	471007	50.6	10	0.424089238588811
0	2	0	2	4.5	v	181527	434784	54.75	10	0.417510763965555
1	2	2	2	4.5	v	184249	436032	53.95	10	0.422558436078086
2	0	2	2	4.5	v	185602	438184	53.9	10	0.423570919978822
1	0	0	2	4.5	v	180669	433885	55.4	10	0.416398354402664
1	1	2	0	4.5	v	35857	288488	191.1	10	0.124292864867863
0	2	2	2	4.5	v	170862	405022	58	10	0.421858565707542
2	0	0	2	4.5	v	168274	401803	58.05	10	0.418797271299617
0	1	1	0	4.5	v	21696	227691	305.35	10	0.0952870337430992
1	2	0	2	4.5	v	129840	310256	74.3	10	0.418493115362797
1	0	2	2	4.5	v	131366	311449	75.45	10	0.421789763332038
2	1	1	0	4.5	v	21235	183511	317.45	10	0.115715134242634
1	1	1	0	4.5	v	14218	131441	479.65	10	0.108170205643597
2	1	2	2	4.5	v	71161	169155	141.3	10	0.420685170405841
0	1	0	2	4.5	v	70110	169234	143.45	10	0.414278454684047
0	2	1	2	4.5	v	66466	159498	146.9	10	0.416719958870958
2	0	1	2	4.5	v	66228	159120	150.85	10	0.416214177978884
1	0	1	2	4.5	v	59127	140734	165.05	10	0.420133016897125
1	2	1	2	4.5	v	59406	141219	167.85	10	0.420665774435451
0	1	2	2	4.5	v	48436	114596	209.75	10	0.422667457851932
2	1	0	2	4.5	v	47541	114108	205.7	10	0.416631612156904
1	1	0	2	4.5	v	36894	88232	268.65	10	0.418147610844138
1	1	2	2	4.5	v	37893	88628	268.75	10	0.427551112515232
0	0	2	1	4.5	v	25039	72600	354.7	10	0.344889807162534
2	2	0	1	4.5	v	25313	72814	354.75	10	0.347639190265608
2	2	1	1	4.5	v	15764	45144	574.75	10	0.349193691298954
0	1	1	2	4.5	v	22298	52889	455.5	10	0.421599954621944
2	1	1	2	4.5	v	22375	53285	444.95	10	0.419911795064277
0	0	1	1	4.5	v	16209	46007	557.65	10	0.35231595192036
1	0	0	1	4.5	v	14826	42555	601	10	0.348396193161791
0	2	0	1	4.5	v	14755	42550	608.05	10	0.346768507638073
2	0	2	1	4.5	v	14844	42031	609.25	10	0.353167899883419
1	2	2	1	4.5	v	14553	41501	614.45	10	0.350666249006048
2	0	0	1	4.5	v	13500	39172	661.1	10	0.344633922189319
0	2	2	1	4.5	v	13465	38585	665.4	10	0.348969806919787
1	2	0	1	4.5	v	10288	29917	853.25	10	0.343884747802253
1	1	1	2	4.5	v	14527	34456	688.7	10	0.421610169491525
1	0	2	1	4.5	v	10705	30038	847.2	10	0.35638191623943
2	1	2	1	4.5	v	5879	16465	1104.2	10	0.357060431217735
0	1	0	1	4.5	v	5717	16460	1084.4	10	0.347326852976914
0	2	1	1	4.5	v	5238	15130	1125.5	10	0.34619960343688
2	0	1	1	4.5	v	5164	15237	1128.85	10	0.338911859289886
1	0	1	1	4.5	v	4666	13714	1140.4	10	0.340236254921978
1	2	1	1	4.5	v	4814	13520	1140.4	10	0.356065088757396
0	1	2	1	4.5	v	3788	11154	1140.4	10	0.339609108839878
2	1	0	1	4.5	v	3811	10922	1140.4	10	0.348928767624977
1	1	0	1	4.5	v	3009	8628	1140.4	10	0.34874826147427
1	1	2	1	4.5	v	2962	8537	1140.4	10	0.346960290500176
0	1	1	1	4.5	v	1794	5057	1140.4	10	0.354755784061697
2	1	1	1	4.5	v	1852	5074	1140.4	10	0.364998029168309
1	1	1	1	4.5	v	1122	3216	1140.4	10	0.348880597014925
